"","l_Insular.Cortex","r_Insular.Cortex","l_Amygdal.Area","r_Amygdal.Area","l_Bed.Nucleus.of.the.Stria.Terminalis","r_Bed.Nucleus.of.the.Stria.Terminalis","l_Hippocampus","r_Hippocampus","l_Orbitofrontal.cortex","r_Orbitofrontal.cortex","l_Entorhinal.Cortex","r_Entorhinal.Cortex","l_Frontal.Association.Cortex","r_Frontal.Association.Cortex","l_Globus.Pallidus","r_Globus.Pallidus","l_Glomerular.Layer.of.the.Accessory.Olfactory.Bulb","r_Glomerular.Layer.of.the.Accessory.Olfactory.Bulb","l_Glomerular.Layer.of.the.Olfactory.Bulb","r_Glomerular.Layer.of.the.Olfactory.Bulb","l_Granule.Cell.Level.of.the.Cerebellum","r_Granule.Cell.Level.of.the.Cerebellum","l_Hypothalamic.Region","r_Hypothalamic.Region","l_Entorhinal.Cortex","r_Entorhinal.Cortex","l_Vermix.Molecular.Layer.of.the.Cerebellum","r_Vermix.Molecular.Layer.of.the.Cerebellum","l_Lateral.Molecular.Layer.of.the.Cerebellum","r_Lateral.Molecular.Layer.of.the.Cerebellum","l_Anterior.Olfactory.Bulb","r_Anterior.Olfactory.Bulb","l_Posterior.Olfactory.Bulb","r_Posterior.Olfactory.Bulb","l_Subiculum","r_Subiculum","l_Perirhinal.Area","r_Perirhinal.Area","l_PreLimbic.System","r_PreLimbic.System","l_Primary.Cingular.Cortex","r_Primary.Cingular.Cortex","l_Primary.Motor.Cortex","r_Primary.Motor.Cortex","l_Retrosplenial.Cortex","r_Retrosplenial.Cortex","l_Secondary.Cingular.Cortex","r_Secondary.Cingular.Cortex","l_Secondary.Motor.Cortex","r_Secondary.Motor.Cortex","l_Striatum","r_Striatum","l_Ventral.Tegmental.Area","r_Ventral.Tegmental.Area","l_Substantia.Nigra","r_Substantia.Nigra","l_Thalamus","r_Thalamus"
"1",1,0.246448745162375,0.042126294521182,0.0638000818717088,0.0988680869527459,-0.0641234392440685,-0.0659855330451989,0.152997937011127,0.25686319052083,0.0779758390888208,0.253320422440267,0.275580012187668,0.0495979608106115,0.0486636310833571,0.0301433459175976,0.218951294926667,0.0458710724995196,0.0275681063524662,0.181857656648974,0.00877895172031298,-0.131671240031918,0.124925232419873,0.00745640519493531,-0.059394648138558,0.0650994292579346,-0.167444753964667,-0.0274071871608579,-0.0794011267495033,-0.0862570587431945,-0.0765945579124482,0.263337882754646,0.0435547960590728,0.100475482761793,0.0836508190281565,-0.0975327570701231,-0.0815568934230987,0.010951971416062,0.0923935668900343,0.0695611199683482,0.140254673611545,-0.101231360040723,-0.0872480133459881,-0.0545737780650827,-0.134379942204444,-0.0759382942929794,0.131979484548136,-0.0332865437655381,-0.0008607241626939,-0.113599801339708,-0.0119095680389648,0.0926774412322434,-0.0103412159497051,0.044397211602684,-0.0661268402301886,-0.0777081310385367,0.0334181102127971,-0.0215285065671594,0.107995950987693
"2",0.246448745162375,1,0.215887906679404,0.304579773660301,-0.109712111800439,-0.0531192612511947,-0.130039522973758,0.116944201835365,0.207882182348392,0.355147702742967,0.276702024830547,0.18697724426501,-0.0910077983465084,-0.0916840844896975,-0.0117241548924359,0.0796791219254269,-0.059044184430826,0.116021094278288,0.109697678507302,-0.0120136245375506,-0.0281902683920923,0.0341644593056926,0.107320825809755,0.0574349514592002,-0.047714126019968,0.114172017842004,0.158267091807358,0.0712763047750176,-0.0489913005752059,7.68104986901998e-05,0.123782292456925,0.0930711236021342,0.120797794531917,0.0821085325092644,-0.0831712457806406,-0.0734276469029435,-0.145620377964038,-0.222951486747268,-0.0216678949262381,0.0278219090490488,-0.275231952091031,-0.190230749738058,0.0103790028095269,-0.0563510893536868,-0.165096284007996,-0.0446122593115328,-0.272436396207678,-0.275568854742868,-0.225886432813542,-0.141528886542287,0.145028539653062,0.133064170039719,0.12531612234848,0.192535865844234,0.0352251878582829,-0.118474338455456,-0.203055682051729,-0.185504029456185
"3",0.042126294521182,0.215887906679404,1,-0.0991638554205326,-0.0480286587496765,0.224921975238567,0.204998241136472,-0.0532902863775233,0.00870126227632725,0.144941130316003,0.204041233255264,0.107042661212234,-0.0904998619046837,0.00513724261400522,-0.0268001431354936,0.135559808033104,-0.0202637983716099,0.0150883546807961,0.154899199105913,0.0413540476601153,-0.00802697378328559,0.0984312798887925,-0.0124477368495486,0.100300487451594,0.0699958690962925,0.136802723443318,0.0376376949576536,0.0595972590326937,-0.0925882083338315,0.0583504612636111,-0.0659891340798159,0.0318672420878396,-0.00111367974461425,0.156211588123998,0.0166947601436239,-0.0150151194572128,0.1276532527343,-0.0523338690800672,-0.0813882359063359,0.139236569467281,-0.188632250841002,-0.141389498456363,0.0593308595347017,0.0394633213007058,0.00621457688008708,0.115819083742076,-0.131727441351719,-0.20925990773493,-0.179963297376089,0.0412623060999202,0.0696996824482216,0.127791805050476,0.0702621188020637,0.0923147324832113,0.162081760278065,-0.0286568739591827,-0.063132150413152,0.0381774777988041
"4",0.0638000818717088,0.304579773660301,-0.0991638554205326,1,-0.00902419006270771,-0.126885188900486,-0.0696371563398638,-0.00820173211869406,-0.0281081891510936,0.239557489518894,0.0546994721238345,0.113639447103727,-0.0647485080826283,-0.149258361390673,0.00919866454176123,0.136496082216634,-0.0492080510353829,0.151490541898313,0.174138376649395,0.199435602891653,0.0840308723329033,0.10110620055804,0.127912198716042,0.0663058375317355,0.00107187440300597,0.241030363869432,-0.0948839375560679,-0.0168130264572044,0.0263636201531247,0.155775012256308,0.106868237629612,0.114710275879046,-0.0350463790339356,0.0739835584004346,-0.033172611343339,-0.0396239504107719,-0.145220824932706,-0.0887064510454192,-0.019334092836288,0.0345018191826187,-0.0468763949006314,-0.0396818011700374,-0.0320863355460281,-0.022830306073171,-0.0917837387611105,0.0118389453320446,-0.186032414171987,-0.164205370847092,-0.0394219813674629,-0.150011423965587,-0.0062414230359559,-0.0751835432322519,0.178931470734617,0.0250979090647383,-0.119998629187088,0.0144615131894174,-0.0501512400436816,0.0512864496359436
"5",0.098868086952746,-0.109712111800439,-0.0480286587496765,-0.00902419006270771,1,0.0319266377091573,-0.043739478268292,0.134765326599999,0.0138432810018524,-0.101545822662391,0.0895788245715544,0.0306696196117906,-0.0470958887999462,-0.10691929244086,0.134142576741266,0.122446629314957,0.125770891378784,-0.0168882238337347,0.0751710638270146,-0.0823068407941844,0.0711377525374724,-0.0436564795566022,0.236691334493953,0.249719984228592,0.189950385998375,-0.224941360391898,0.117716646292678,0.0965080238572991,0.244683327420096,0.0668008855124894,0.231854290065294,-0.118386704079557,0.150037880267532,0.0147768082324469,-0.0370100512644708,-0.141477397302167,0.00123979501069883,-0.0178125064317125,0.156660143536264,0.171962727654416,0.144492883498243,-0.0739361610881019,-0.142893029882671,-0.0198832898656959,-0.0625381327636816,-0.207824236173464,-0.0626199812718206,0.0669857197867709,-0.0864848574923507,0.0184696911995923,0.0947621305412723,-0.0825944260237754,0.00615266602224407,-0.0936303357218251,0.0129080388570775,-0.0350940968209463,0.239099398380322,-0.0715771121308493
"6",-0.0641234392440685,-0.0531192612511947,0.224921975238567,-0.126885188900486,0.0319266377091573,1,0.262697522671163,-0.13288723370149,-0.0746324210553892,-0.0681929102379198,0.016540649099839,0.111217713961863,0.142358144145077,0.151905957234737,-0.0827708869276439,-0.112182279692169,-0.112422957889271,0.129582962548407,0.107314137948738,0.0746001011587817,-0.0336293571555567,-0.0692528515617947,0.10850090721245,-0.069702125120651,0.14255744105663,-0.00476101558329959,0.09089346006,-0.0368242522012216,0.0491919732189481,-0.161683461939417,-0.00239524386254509,0.181597328036074,-0.00298683530717345,0.0761132428182063,0.219134690779088,-0.155996077515678,-0.0888495889980765,-0.0720849070881915,-0.070637464337956,-0.0204550456177627,-0.126783392053963,0.158595979736872,0.00934853213302898,0.0509196943511598,0.198405931349448,0.0852591553754134,0.0400116156289408,-0.0001751725032103,-0.204661594522362,0.296360798701916,0.0278089204581593,0.140988935500688,-0.0671011677685864,0.0365143788793935,-0.0963260645613158,-0.177378639228178,0.135057529666683,0.0500686438409877
"7",-0.0659855330451989,-0.130039522973758,0.204998241136472,-0.0696371563398638,-0.043739478268292,0.262697522671163,1,-0.0135844648779151,-0.125959386386216,-0.0793896375265033,-0.19724720132605,-0.154067076544202,0.0526722240711716,0.017572180127011,-0.110087833890662,0.0197401097516365,-0.00295201828254779,0.059724937580889,0.133332918273289,-0.0498447598179937,0.0825102801980649,-0.145735074468298,0.0710485745042568,-0.00934265738490869,-0.00482645425664641,0.0996442823850838,-0.0806405155320218,-0.108606443223715,0.111751178855669,-0.0173356120555424,0.0640493422470286,-0.063221580716367,-0.0528679126287891,0.0737532684949916,0.490907837394291,0.101551703229119,0.0455453953232769,0.0165135827965476,-0.0565206110130641,0.035375760436738,-0.0467476205932553,0.255212693991637,0.0364843076777689,0.0843700037188977,0.0602417236167178,-0.0985100789344687,0.0230178620419132,0.185265363909798,-0.0188594957513725,0.0179597038013596,0.0450619465711458,0.149599946714674,0.142603716326508,0.18473608521008,-0.00528867283929247,0.00209402056060791,0.402844233097804,0.146294268399138
"8",0.152997937011127,0.116944201835365,-0.0532902863775233,-0.00820173211869406,0.134765326599999,-0.13288723370149,-0.0135844648779151,1,0.26658818056699,0.0470949518890195,0.0336146707524715,0.0319638000901369,0.0884245028231239,-0.105802894066507,-0.00061140817955038,0.0259439398508456,-0.0222574039227511,-0.0276079324318962,0.0910976477579761,-0.1640827182396,0.131127128219266,-0.209902608012977,0.109682536592942,0.128398522604577,0.0694459190212097,-0.133705949005676,0.084327781720303,-0.108773773161703,0.144457681467021,-0.144525234301821,0.256095743745331,0.089825546940309,0.160116793727392,-0.0116738004682514,0.0474232753232188,0.395286216515448,-0.0689762947920373,0.124845408887532,-0.00505649496365076,-0.196648177253513,-0.136756998966088,-0.164549113147075,0.0356225789881185,-0.177954460479253,-0.190202181320643,-0.0496673192467732,-0.243756524836181,-0.134284319695065,-0.0651082023969771,-0.19478970507282,0.1125316370065,0.084012947171608,0.158697515255465,0.143535459007481,0.220185456755722,0.187221704315147,-0.027788608286133,0.0756412275311227
"9",0.25686319052083,0.207882182348392,0.00870126227632725,-0.0281081891510936,0.0138432810018524,-0.0746324210553892,-0.125959386386216,0.26658818056699,1,0.167998254965289,0.222006468194357,0.0843346385648223,0.0257926245395145,-0.0848643189439597,-0.0967130009454468,0.38655669406018,0.17778821754063,0.124250148945313,0.169658365304815,-0.0449834368324534,-0.0164935188108794,-0.20538967549754,-0.0403527245047275,0.0413164268511848,0.00703797633778315,0.0157941136748741,-0.0373774644797454,0.0253350773658775,-0.12225990967851,0.0944056527035249,0.209333391726944,0.00248136482714561,0.149383328497565,0.0610665781645356,-0.362200176560716,0.0781730741570043,-0.259836578826762,-0.122486418337313,0.0903180273556297,0.00265763173780148,-0.130801388647985,-0.288889765332444,-0.0579842647021248,-0.188281600775169,-0.273337989684442,-0.0276014593256729,-0.191889081126461,-0.178097190679246,-0.12771342148429,-0.167384205557911,-0.121986557415755,-0.0524749043369201,0.120021194552535,-0.119549668583159,-0.0868440426371892,0.0316264847726825,-0.186173486669288,-0.0814564315998862
"10",0.0779758390888208,0.355147702742967,0.144941130316003,0.239557489518894,-0.101545822662391,-0.0681929102379198,-0.0793896375265033,0.0470949518890195,0.167998254965289,1,0.176413364409451,0.133318946650619,-0.157420271879375,0.0427225155599187,-0.0910109240045588,0.126279808500048,-0.201337191054457,-0.103389952611819,0.289095005101861,0.0789812197075685,0.0343590046911941,0.0642188045236754,0.059640201714616,0.0614512780478765,0.017722375523177,0.273191545156145,0.0296234664646356,-0.0227589371313225,-0.0873139453532442,-0.116586466676505,0.023310198769586,0.0560312839444367,-0.178208009993562,-0.0731074314028826,-0.0682359911340523,0.160024295619501,-0.102522770242651,-0.191623151688911,-0.219648988256849,-0.0314384023791977,-0.328508037618634,-0.0388840317950515,-0.134017163410346,0.160129605402039,-0.154441261939645,0.0990814206423927,-0.126500562418053,-0.1113518824561,-0.328134549422624,-0.109528648220715,-0.0524977197747667,0.0185100692192556,0.291286110946084,0.149382728209827,-0.0127771739336879,-0.101939240546339,-0.258022559590913,-0.122184059001626
"11",0.253320422440267,0.276702024830547,0.204041233255264,0.0546994721238345,0.0895788245715544,0.016540649099839,-0.19724720132605,0.0336146707524715,0.222006468194357,0.176413364409451,1,0.249648615284727,0.00990218221540057,-0.0587493230904236,-0.0935390016045179,0.178080646186688,0.166401004145957,0.0748678676446857,0.0999037271968412,0.0593730865426938,0.116976868137798,0.160811274666281,0.0779291339547271,0.228249924388598,0.00553408392620012,0.0775908765072402,0.0933958065721808,0.0592027688281227,0.0605752641964523,-0.233958482899474,0.108659483491053,0.132727684450615,0.304734096379145,0.0514266422137062,-0.163688251682776,0.0895512824998577,0.095432481263083,-0.0259943570776447,0.0107330139413071,0.140752602794033,-0.189836467706548,-0.207534344602225,-0.119679987119927,-0.00600051409183412,-0.0371275313867593,-0.0812172380194722,-0.142796945128725,-0.163891751208995,-0.0747944347337164,-0.08614498781547,0.0632792929314715,0.124665628362771,0.0860701541893027,0.144867395031551,0.0709879033035696,0.0402093222435277,-0.262733659450731,-0.133231646158663
"12",0.275580012187668,0.18697724426501,0.107042661212234,0.113639447103727,0.0306696196117906,0.111217713961863,-0.154067076544202,0.0319638000901369,0.0843346385648223,0.133318946650619,0.249648615284727,1,-0.0856966783734298,0.119956303728857,-0.0568261246648108,0.138101380311012,0.0488132318916604,-0.0350338289206775,0.078496195451887,0.140935821348244,0.0648793537555799,-0.00093283269827347,-0.0344390319372702,-0.0403908499720534,0.128167422325264,0.133412846303478,0.0546277004831242,-0.179713858631522,0.0403978836845516,-0.143641723809017,0.00262180217703108,0.129727594832499,0.0639159029485576,0.14953119323654,-0.067561580136574,0.00450332286075161,0.149926935737216,-0.0338074405650724,-0.0984850349167515,0.00638883751469619,-0.256346498573526,-0.0440959963641315,-0.0385775743511739,0.00599536226698006,0.043431456947851,0.0906058647684218,0.0336872650546654,0.0343094187679023,-0.193466666143244,0.0881528436011124,-0.0477873385569415,0.0349258019328604,0.0129088224775812,-0.0556026668701942,-0.0852080194362466,0.034372081356515,-0.0969140758452978,-0.0437612699067381
"13",0.0495979608106115,-0.0910077983465084,-0.0904998619046837,-0.0647485080826283,-0.0470958887999462,0.142358144145077,0.0526722240711716,0.0884245028231239,0.0257926245395145,-0.157420271879375,0.00990218221540057,-0.0856966783734298,1,0.0942501045874739,0.0482287929419426,-0.057115486446452,0.246117277724865,0.146276063540614,0.0516478327816124,-0.0162183834503137,0.24502717645797,-0.0882283005251145,-0.0266751456666133,-0.133877808700505,0.047203184638715,-0.218195328914059,-0.0756261000661864,0.0532913006960426,0.0353130546614147,0.0441829684734896,0.0890223931359261,0.267604823811571,0.117512459344941,0.0350564217278886,0.0340698061854494,0.166118689356296,-0.109743713465101,0.121239409996164,0.142188836865924,-0.012346369598965,-0.0686859262657939,0.0112838417840604,0.128463480500067,-0.0191113241967597,-0.0536092791037675,-0.0429352595272322,-0.0950796723967732,-0.111349193108569,0.524721103822122,0.139280831719085,0.0205998864683291,0.0889384268917565,0.0330497166448932,-0.0643771514054181,-0.00530544194881149,-0.0556088631291458,0.22263433498861,-0.107348398403666
"14",0.0486636310833571,-0.0916840844896975,0.00513724261400522,-0.149258361390673,-0.10691929244086,0.151905957234737,0.017572180127011,-0.105802894066507,-0.0848643189439597,0.0427225155599187,-0.0587493230904236,0.119956303728857,0.0942501045874739,1,-0.0263692961599141,0.134877684023613,-0.153938677304914,0.318093469759194,-0.0522530049119356,-0.051842052827611,0.0453737445871085,-0.0423435464798662,-0.0732907752019034,-0.0640351572478237,-0.0602648640639166,0.109369181602249,0.0782694368791293,-0.0371036738213002,0.254763464844936,0.0671634378076131,-0.238215988936417,0.0681362897490231,-0.0853389659071897,0.120044049603691,0.181429296440588,0.0735264774034307,-0.00051664963678463,0.118796039044982,-0.168892077340357,-0.160380699746606,-0.0583321418995139,0.146334465443398,0.0283031185252802,0.223287969616921,0.0864711864938734,0.138332253908871,0.184902238995243,0.0191178776974074,0.0237376257642687,0.672052128822607,-0.126251958348612,0.00470471497129043,0.05873742031312,0.038263932465192,-0.113978305131813,-0.151492649020981,0.0462765230794937,0.11794516596114
"15",0.0301433459175976,-0.0117241548924359,-0.0268001431354936,0.00919866454176123,0.134142576741266,-0.0827708869276439,-0.110087833890662,-0.00061140817955038,-0.0967130009454468,-0.0910109240045588,-0.0935390016045179,-0.0568261246648108,0.0482287929419426,-0.0263692961599141,1,0.020400161848894,0.0513185625972408,-0.0399629342174118,-0.16296706756503,-0.00709867323693094,0.15414306306893,0.0202235159999026,-0.0838876373486837,0.0315140289856762,0.160237153233946,-0.168347698742591,0.0937553192028572,0.229444259636055,0.117414602212935,0.117289635239187,-0.0996090862865084,-0.0267671306680594,0.00082684621097178,0.0853720377790908,-0.131481153401958,-0.104340002403374,-0.0618173329647563,-0.0797493456253291,0.116630094861723,0.178138894366,0.175604743587016,0.172319223495375,-0.0558924837748735,-0.142574691464296,-0.0876415941053825,0.00123603833276592,0.0351442943937199,0.166316346114307,0.191462679211989,0.122502533540504,0.222166342318272,0.116866903968873,-0.0335737363844096,-0.0781816950158204,0.09099196607108,0.0399380102369992,0.00397166922280108,-0.0789575892449927
"16",0.218951294926667,0.0796791219254269,0.135559808033104,0.136496082216634,0.122446629314957,-0.112182279692169,0.0197401097516365,0.0259439398508456,0.38655669406018,0.126279808500048,0.178080646186688,0.138101380311012,-0.057115486446452,0.134877684023613,0.020400161848894,1,0.0790319209962469,0.104226188518476,0.0939305145169885,0.0583000675834402,0.131208515396253,-0.0315876303610705,-0.0216919762737638,0.0166273976669007,-0.0418821517382034,0.0983460539184361,-0.058475748889634,0.0239538680115513,0.156735320421326,0.238896926957764,0.0984703078685523,-0.0312331373289388,0.0427812521281268,0.290099781419861,-0.0933811188339663,-0.0863211673918752,0.036661782066011,-0.0655314567337845,0.112079567754645,0.0809925293933764,0.00839496699134313,-0.0333774721598962,-0.0202894210947993,-0.108776548010901,-0.0982608261044835,-0.0256114504039047,-0.0295219197658201,0.0469084717451823,-0.0560886544790867,-0.0318569882034542,-0.089482428985756,-0.0109291148554177,0.142611039518816,-0.136134619842799,-0.0318273494759454,0.214618059154219,0.0296847976122481,0.0501185732049271
"17",0.0458710724995196,-0.0590441844308261,-0.0202637983716099,-0.0492080510353829,0.125770891378784,-0.112422957889271,-0.00295201828254779,-0.0222574039227511,0.17778821754063,-0.201337191054457,0.166401004145957,0.0488132318916604,0.246117277724865,-0.153938677304914,0.0513185625972408,0.0790319209962469,1,0.151564524073059,-0.11666503597599,0.0137306890451926,0.0129100317038425,-0.0644900741978798,0.0103711350631023,0.0959341302303357,0.0483872105841491,-0.0399315405722405,-0.0739035686291821,0.0639714064442168,-0.0209708663612429,-0.0353783456136902,0.301507022940128,0.0999191206808791,0.159543930934073,0.102532425885746,-0.138170854301513,-0.143298107947929,0.0923997308301944,-0.0874235040833298,0.277599357047069,0.297920802832612,0.0374121645772169,-0.243366304359776,-0.119871007164002,-0.149293112051346,-0.250088680342252,-0.332110812973428,-0.2698413744694,-0.168358527646277,0.301230226949387,-0.0956532871661048,0.168548229621098,0.0544645687024058,-0.0362349441935338,-0.0508157185604736,0.00814538023014626,0.076303205723249,0.12898958687684,0.00052767152523963
"18",0.0275681063524662,0.116021094278288,0.0150883546807961,0.151490541898313,-0.0168882238337347,0.129582962548407,0.059724937580889,-0.0276079324318962,0.124250148945313,-0.103389952611819,0.0748678676446857,-0.0350338289206775,0.146276063540614,0.318093469759194,-0.0399629342174118,0.104226188518476,0.151564524073059,1,0.16659835818451,-0.0357637382088355,-0.00945474478258781,-0.0520690166174026,-0.00553685175094143,-0.005441825068106,-0.0563379928969804,-0.0124182166636717,0.0326619034937589,0.323504557909881,0.0994430531487959,0.126518857837486,0.140676432186942,0.433343247443072,0.267393687813006,0.276120393322429,-0.030721140516951,-0.0228794608566801,-0.139624570220796,-0.118634729593764,0.0696184038642799,0.159750822409563,-0.228224722845165,-0.189129800377599,0.058124727607533,-0.0641809684559221,-0.24134470277947,-0.259818253647297,-0.30641944664132,-0.245372087839349,0.0365477615640776,0.277639628696938,0.113973386628134,0.306640575473865,-0.0188385941782677,0.0625630983757345,-0.035185979083183,-0.0856511352376396,0.0743916681240201,0.0567082434014249
"19",0.181857656648974,0.109697678507302,0.154899199105913,0.174138376649395,0.0751710638270146,0.107314137948738,0.133332918273289,0.0910976477579761,0.169658365304815,0.289095005101861,0.0999037271968412,0.078496195451887,0.0516478327816124,-0.0522530049119356,-0.16296706756503,0.0939305145169885,-0.11666503597599,0.16659835818451,1,0.0530147868509037,0.109058044236883,-0.198142152018627,0.00341936049306901,-0.0683477670238362,0.0476461574888526,0.109418063613404,0.00912769349517982,0.0805249165098493,-0.0946279462229583,0.0378764244278213,0.438173119249528,0.154242360172443,0.125375796726727,0.109859216718616,0.103480235966495,0.164348903219146,-0.168037890389875,0.0196906283748384,-0.239458830736726,-0.00532780056889798,-0.324429463283453,-0.199685199308475,-0.150332918896146,0.0403031826294104,-0.306759352394726,-0.110405811034036,-0.174054619899152,-0.227556312512996,-0.210710137845844,-0.155146556879709,-0.0579293419042592,0.086238454166082,0.104351046285561,-0.166707382246865,-0.0784472005252135,-0.107305597000566,0.0158326302613472,0.147540845171668
"20",0.00877895172031299,-0.0120136245375506,0.0413540476601153,0.199435602891653,-0.0823068407941844,0.0746001011587817,-0.0498447598179937,-0.1640827182396,-0.0449834368324534,0.0789812197075685,0.0593730865426938,0.140935821348244,-0.0162183834503137,-0.051842052827611,-0.00709867323693094,0.0583000675834402,0.0137306890451926,-0.0357637382088355,0.0530147868509037,1,0.0157037313288679,0.080985425557285,-0.0817958370737278,0.0484098245754904,0.286286417898582,0.0128594810776524,0.0865419909906772,0.144194814629912,-0.0570910126264789,0.0966688074149094,-0.0674311163025485,0.105496664003197,-0.164660990159675,-0.0518935377262645,-0.20009477140677,-0.245700362101144,0.0707707473443089,-0.0360633638237784,-0.0296360508320383,0.0936780064027587,-0.0872664129459637,-0.0176608317162307,0.124833135056118,0.0378255497948423,0.0225337951816015,0.126053336393087,-0.0148523476832764,-0.0316179138960937,0.0842191668638229,0.0566718239708555,-0.00451164938641652,-0.0735221046849331,-0.0777557035005675,-0.164120806710985,0.169971907449276,-0.0475895405766885,-0.0732659210439745,-0.179381079945938
"21",-0.131671240031918,-0.0281902683920923,-0.00802697378328559,0.0840308723329033,0.0711377525374724,-0.0336293571555567,0.0825102801980649,0.131127128219266,-0.0164935188108794,0.0343590046911941,0.116976868137798,0.0648793537555799,0.24502717645797,0.0453737445871085,0.15414306306893,0.131208515396253,0.0129100317038425,-0.00945474478258781,0.109058044236883,0.0157037313288679,1,-0.00324263426617481,-0.0549298343321841,-0.14187070174774,0.0614477517909831,0.113770377137925,0.0604861144979417,-0.0516753232345066,0.198997835196052,0.0238275164292092,-0.102820204750028,0.0554410404937325,0.0584382500627256,0.131490705872643,0.0460722200383829,0.173397826186445,-0.0711411971974948,0.0290850933290487,0.0209066105032369,0.182815126651622,-0.082303122017393,0.00320216898830718,-0.0474936811715109,0.190180555429359,-0.219454749339526,-0.16197023810261,-0.023002327621233,-0.017119512611903,0.251060480730619,0.00180241704259497,-0.0323705036517678,0.0814642773315999,0.17346100567201,-0.0685633095613612,0.243994002317346,0.288446610696109,-0.0592128392834641,-0.134467272866418
"22",0.124925232419873,0.0341644593056926,0.0984312798887925,0.10110620055804,-0.0436564795566022,-0.0692528515617947,-0.145735074468298,-0.209902608012977,-0.20538967549754,0.0642188045236754,0.160811274666281,-0.00093283269827347,-0.0882283005251145,-0.0423435464798662,0.0202235159999026,-0.0315876303610705,-0.0644900741978798,-0.0520690166174026,-0.198142152018627,0.080985425557285,-0.00324263426617481,1,-0.117882789952686,0.0863483550498327,0.0195161789093769,-0.113656409848851,0.10798986629136,0.158870923590614,0.00177051260307989,0.0835200834665228,-0.150000382684538,-0.0225207755856919,0.0848614723535248,0.0275454091632762,-0.0973128247185573,-0.0433786242669296,-0.0114050083891576,0.0583890243644296,0.105651588147988,0.132890382048624,-0.00659137192319261,0.013557837066557,0.0831303776568267,0.0900347011497408,-0.0353091259126909,0.134648114038753,0.118454875844591,0.0663951641888875,-0.0198418609928319,0.039596569125476,-0.0134288016613905,0.00373894083321783,-0.0473521680120937,0.226640943762773,0.0899016124480915,-0.0758031528818617,-0.108385785224928,0.13444054089213
"23",0.00745640519493531,0.107320825809755,-0.0124477368495486,0.127912198716042,0.236691334493953,0.10850090721245,0.0710485745042568,0.109682536592942,-0.0403527245047275,0.059640201714616,0.0779291339547271,-0.0344390319372702,-0.0266751456666133,-0.0732907752019034,-0.0838876373486836,-0.0216919762737638,0.0103711350631023,-0.00553685175094144,0.00341936049306901,-0.0817958370737278,-0.0549298343321841,-0.117882789952686,1,0.225692620534909,0.0592175270944933,0.132466587804372,-0.0304748372086687,0.0473545466173557,0.0381729459515495,-0.0453077777531481,0.180622030888571,-0.0827073386398583,-0.0624723222712001,-0.00590787614011453,-0.0134000048931627,-0.0170764520586046,-0.0718020040809826,-0.227613791599718,-0.118936749056787,-0.0551289060405052,-0.0180619350271366,-0.0280856539284629,-0.126118974269452,0.0340180966561148,-0.0046312699928557,-0.12158465129139,-0.162112757683942,-0.0104408761874906,-0.0745919126344823,-0.147472046301875,0.0189353074693142,0.0791320008948546,0.0567925441549416,0.0300523486746415,0.0120848312138724,-0.125625294834384,0.0699654993196534,-0.159870605621035
"24",-0.059394648138558,0.0574349514592002,0.100300487451594,0.0663058375317355,0.249719984228592,-0.069702125120651,-0.00934265738490869,0.128398522604577,0.0413164268511848,0.0614512780478765,0.228249924388598,-0.0403908499720534,-0.133877808700505,-0.0640351572478237,0.0315140289856762,0.0166273976669007,0.0959341302303357,-0.005441825068106,-0.0683477670238362,0.0484098245754904,-0.14187070174774,0.0863483550498327,0.225692620534909,1,0.0501691505206321,0.0244871196116704,0.0587312971806929,0.106777502723914,-0.136848237426197,-0.0213381941316607,-0.0774051254141475,-0.0700655427046851,0.0291126727691688,-0.0921518714685088,-0.0626128243972474,-0.0797193901636704,0.229599742063408,0.0252215825799995,0.188371212310216,-0.0895741294432465,0.097020896597867,-0.18011327575063,-0.00486332408452616,-0.0929120965752535,0.0559770322046138,-0.0225378773288154,-0.0489287772753035,-0.0779853341891405,-0.098408240696664,-0.0788159200507868,0.0352371800639898,-0.0542564255354886,0.117574670960897,0.100919894307874,0.0590999455574594,0.0249260729252322,-0.0594664807787779,-0.127547333528937
"25",0.0650994292579346,-0.047714126019968,0.0699958690962925,0.00107187440300597,0.189950385998375,0.14255744105663,-0.00482645425664641,0.0694459190212097,0.00703797633778315,0.017722375523177,0.00553408392620013,0.128167422325264,0.047203184638715,-0.0602648640639166,0.160237153233946,-0.0418821517382034,0.0483872105841491,-0.0563379928969804,0.0476461574888526,0.286286417898582,0.0614477517909831,0.0195161789093769,0.0592175270944932,0.0501691505206321,1,0.0147019610226878,0.126450489137589,0.131325400902995,-0.0122264393566899,-0.0520007859850177,0.119871615789897,0.153625692111258,-0.259668550987495,-0.244877973913641,-0.0940537757403283,-0.0475018009409326,-0.0529187524975223,-0.0982526219266064,-0.123683549461123,-0.0223907724876137,-0.0988808327822324,0.00568196019217388,-0.10887030894439,0.0505537032831589,-0.0275912769090999,0.0373785259408289,-0.105245607987803,0.125167800747918,-0.157275037095852,0.144989657384091,0.0137536644845395,-0.062955442283964,-0.0476518475546122,-0.0765753155930928,0.126545641628595,-0.0975442890585553,0.185137762390773,0.00375399412082527
"26",-0.167444753964667,0.114172017842004,0.136802723443318,0.241030363869433,-0.224941360391898,-0.00476101558329959,0.0996442823850838,-0.133705949005676,0.0157941136748741,0.273191545156145,0.0775908765072402,0.133412846303478,-0.218195328914059,0.109369181602249,-0.168347698742591,0.0983460539184361,-0.0399315405722405,-0.0124182166636718,0.109418063613404,0.0128594810776524,0.113770377137925,-0.113656409848851,0.132466587804372,0.0244871196116704,0.0147019610226878,1,-0.32441429431997,-0.025327433670368,0.0136722871282385,-0.0883215230942702,-0.014009414165171,0.0622985956772246,-0.131395609039599,0.0402746512361987,-0.078515404665137,0.0481229634094451,-0.00809673887564463,-0.114655736638154,-0.21721337061317,-0.233029887838108,-0.124061777758927,0.102456087409622,-0.0276333648667682,0.20274541195857,-0.101566672845203,-0.00043955998864059,-0.0160305304565997,-0.0693440000062421,-0.138124193069133,-0.0117679559301062,-0.0856986980821306,-0.0265586990728074,0.222297514820959,0.117554616128508,-0.0448826191312611,-0.036643709622759,-0.16848069679524,0.00701528124671497
"27",-0.0274071871608579,0.158267091807358,0.0376376949576536,-0.0948839375560678,0.117716646292678,0.09089346006,-0.0806405155320218,0.084327781720303,-0.0373774644797454,0.0296234664646356,0.0933958065721808,0.0546277004831242,-0.0756261000661864,0.0782694368791293,0.0937553192028572,-0.058475748889634,-0.0739035686291821,0.0326619034937589,0.00912769349517982,0.0865419909906772,0.0604861144979417,0.10798986629136,-0.0304748372086687,0.0587312971806929,0.126450489137589,-0.32441429431997,1,0.268285828850035,0.0726386594149949,0.107490882034756,-0.0980285364444731,0.161363162941768,0.176818705083008,0.0400325284847512,0.158249747328525,0.0661618217750436,-0.0342772320735288,0.106039997106317,-0.165965052868673,0.0713433899077569,-0.168555833393612,-0.0114095157378135,-0.00900691551964124,0.0391506805141182,-0.0752418166351527,0.0648704340995985,0.0369726254840384,-0.0309305321871061,-0.142125849548672,0.0923636852406631,0.123454443363892,0.214283451590269,-0.00935565423105611,0.00349979157969391,0.0481031207677991,-0.0510098216993828,-0.143514018413031,-0.0154661366545526
"28",-0.0794011267495033,0.0712763047750176,0.0595972590326937,-0.0168130264572044,0.0965080238572991,-0.0368242522012216,-0.108606443223715,-0.108773773161703,0.0253350773658775,-0.0227589371313225,0.0592027688281227,-0.179713858631522,0.0532913006960426,-0.0371036738213002,0.229444259636055,0.0239538680115513,0.0639714064442168,0.323504557909881,0.0805249165098493,0.144194814629912,-0.0516753232345066,0.158870923590614,0.0473545466173557,0.106777502723914,0.131325400902995,-0.025327433670368,0.268285828850035,1,-0.0977278928284139,0.226157577642687,0.0344262138534992,0.171190326284605,0.166197300131442,0.0380545811593477,-0.26346245034518,-0.10939794721826,-0.110285714203459,-0.143365516858533,0.0623750678460991,0.0649721129000311,-0.142225240023499,-0.0465515621467885,0.0450835597431298,0.0889572821988913,-0.312713131655143,-0.080342547878095,-0.218414886376113,-0.125838373726887,0.0688260040392686,0.185985676271457,0.246982236334904,0.304402842891244,-0.0800873598840221,-0.0182100274759181,0.0561658609971167,-0.126152126325585,-0.133310008633611,-0.0402731984652626
"29",-0.0862570587431945,-0.0489913005752059,-0.0925882083338315,0.0263636201531247,0.244683327420096,0.0491919732189481,0.111751178855669,0.144457681467021,-0.12225990967851,-0.0873139453532442,0.0605752641964523,0.0403978836845516,0.0353130546614147,0.254763464844936,0.117414602212935,0.156735320421326,-0.0209708663612429,0.0994430531487959,-0.0946279462229583,-0.0570910126264789,0.198997835196052,0.00177051260307989,0.0381729459515495,-0.136848237426197,-0.0122264393566899,0.0136722871282385,0.0726386594149949,-0.0977278928284139,1,0.0873324783287607,0.0745909677930966,0.131797859880193,0.113779057876187,0.283268654405715,0.122882275989439,0.0408972528885957,0.00390556910860838,0.0795413664316762,0.0261718958958626,0.0468784210649128,0.0590287396564345,0.229409067406236,0.00770844844619096,0.00042177080463237,0.0608649662000804,-0.0892550766852102,0.0668077659004329,0.170768458543027,0.0811604699114302,0.233939541085218,0.0571570525419402,0.137605945139135,0.0907975193790754,0.178776378962181,0.0256339204589986,0.077860522201984,0.0386036411545498,0.0575594335152715
"30",-0.0765945579124482,7.68104986901998e-05,0.0583504612636111,0.155775012256308,0.0668008855124894,-0.161683461939417,-0.0173356120555424,-0.144525234301821,0.0944056527035249,-0.116586466676505,-0.233958482899474,-0.143641723809017,0.0441829684734896,0.0671634378076131,0.117289635239187,0.238896926957764,-0.0353783456136902,0.126518857837486,0.0378764244278213,0.0966688074149094,0.0238275164292092,0.0835200834665228,-0.0453077777531481,-0.0213381941316607,-0.0520007859850178,-0.0883215230942702,0.107490882034756,0.226157577642687,0.0873324783287607,1,-0.0166467158221838,-0.100981252562429,0.0610762966104861,0.0457986155994197,-0.0101528473812343,-0.118472336545126,-0.0762565747035942,-0.0596094076708326,-0.020253376062975,-0.129232232014673,0.1853529431814,0.087894595499962,0.108466447953745,0.14360547215649,0.0431688753644565,0.0726954704094,0.088966575929087,-0.157252050203127,0.16736836701934,0.181299012902764,-0.0904306069855672,-0.138783360391118,0.0942833895079774,-0.229425698911359,0.0277725649821016,0.0327245576216651,-0.0745397815532495,-0.0297332700879708
"31",0.263337882754646,0.123782292456925,-0.0659891340798159,0.106868237629612,0.231854290065294,-0.00239524386254509,0.0640493422470286,0.256095743745331,0.209333391726944,0.023310198769586,0.108659483491053,0.00262180217703108,0.0890223931359261,-0.238215988936417,-0.0996090862865084,0.0984703078685523,0.301507022940128,0.140676432186942,0.438173119249528,-0.0674311163025485,-0.102820204750028,-0.150000382684538,0.180622030888571,-0.0774051254141475,0.119871615789897,-0.014009414165171,-0.0980285364444731,0.0344262138534992,0.0745909677930966,-0.0166467158221838,1,0.0783357079698497,0.200006149445319,0.20073004432788,-0.0793235944428643,0.0628765548402002,-0.135631469417932,-0.0305459638616467,0.0297408517536525,0.0964243782782648,-0.278278395408638,-0.281342588213822,-0.0485643869116063,-0.101719855957239,-0.254900595481587,-0.245980239240386,-0.320016112418128,-0.183068789458461,-0.119404991159238,-0.294239519650708,0.0961201816216218,0.0755612451010463,0.116971383363567,-0.109626437955787,-0.0793195392597411,-0.10534398313474,0.136704121337976,0.177504009236107
"32",0.0435547960590728,0.0930711236021342,0.0318672420878396,0.114710275879046,-0.118386704079557,0.181597328036074,-0.063221580716367,0.089825546940309,0.00248136482714561,0.0560312839444367,0.132727684450615,0.129727594832499,0.267604823811571,0.0681362897490231,-0.0267671306680594,-0.0312331373289388,0.099919120680879,0.433343247443072,0.154242360172443,0.105496664003197,0.0554410404937325,-0.0225207755856919,-0.0827073386398583,-0.0700655427046851,0.153625692111258,0.0622985956772246,0.161363162941768,0.171190326284605,0.131797859880193,-0.100981252562429,0.0783357079698497,1,0.202039577311122,0.24383045603377,-0.00761971861907204,0.164056185524487,-0.0726582769006465,0.00243446855544207,-0.0432284122812517,0.0751903477303664,-0.243241435814985,-0.0530587493120315,-0.051709910132325,-0.141220871341061,-0.09772568646632,-0.11951042071008,-0.12935153113416,-0.137184961986499,0.124594511081886,0.0633969027875416,0.174522044119277,0.381224947780599,-0.0534204973365294,0.166618624172244,0.0872027111245181,0.104490729112104,-0.0146895435443974,-0.120637475529221
"33",0.100475482761793,0.120797794531917,-0.00111367974461425,-0.0350463790339356,0.150037880267532,-0.00298683530717345,-0.0528679126287891,0.160116793727392,0.149383328497565,-0.178208009993562,0.304734096379145,0.0639159029485576,0.117512459344941,-0.0853389659071897,0.00082684621097178,0.0427812521281268,0.159543930934073,0.267393687813006,0.125375796726727,-0.164660990159675,0.0584382500627256,0.0848614723535248,-0.0624723222712001,0.0291126727691688,-0.259668550987495,-0.131395609039599,0.176818705083008,0.166197300131442,0.113779057876187,0.0610762966104861,0.200006149445319,0.202039577311122,1,0.234591690739028,-0.111535722465399,0.178689747762341,-0.0845189840986437,0.0790840616587106,0.255373596824678,0.0735392283945248,-0.121608286485963,-0.187335428510633,0.0234055282581968,-0.132121106471207,-0.0349200582476991,-0.0941189833288145,-0.110821419214396,-0.0623255118813576,0.0925909779038546,-0.112351119726443,0.267390221471179,0.257480793422124,0.0600406825429117,0.0949867092315491,0.0266507431193246,0.0532515389119283,0.00313939248352366,0.0212323255006649
"34",0.0836508190281565,0.0821085325092644,0.156211588123998,0.0739835584004346,0.0147768082324469,0.0761132428182063,0.0737532684949916,-0.0116738004682514,0.0610665781645356,-0.0731074314028826,0.0514266422137062,0.14953119323654,0.0350564217278886,0.120044049603691,0.0853720377790908,0.290099781419861,0.102532425885746,0.276120393322429,0.109859216718616,-0.0518935377262645,0.131490705872643,0.0275454091632762,-0.00590787614011453,-0.0921518714685088,-0.244877973913641,0.0402746512361987,0.0400325284847512,0.0380545811593477,0.283268654405715,0.0457986155994197,0.20073004432788,0.24383045603377,0.234591690739028,1,0.0233047870938752,-0.0509167226922383,0.0355538405204423,0.0450626086870794,0.118480970648977,0.316680289913781,-0.156206451306209,-0.0476358464851349,0.0143194634709164,-0.283793340102177,0.00020304727621399,-0.133024623623879,0.0330089553328524,-0.0326920343899598,-0.0693863295916909,-0.0941457269605361,0.0640057819564379,0.202779306846116,-0.0485364070149892,-0.0727032329054403,-0.00273387446544816,0.0329223346299862,-0.0357466167355951,0.0202836015138589
"35",-0.0975327570701231,-0.0831712457806406,0.0166947601436239,-0.033172611343339,-0.0370100512644708,0.219134690779088,0.490907837394291,0.0474232753232188,-0.362200176560716,-0.0682359911340523,-0.163688251682776,-0.067561580136574,0.0340698061854494,0.181429296440588,-0.131481153401958,-0.0933811188339663,-0.138170854301513,-0.030721140516951,0.103480235966495,-0.20009477140677,0.0460722200383829,-0.0973128247185573,-0.0134000048931627,-0.0626128243972474,-0.0940537757403283,-0.078515404665137,0.158249747328525,-0.26346245034518,0.122882275989439,-0.0101528473812343,-0.0793235944428643,-0.00761971861907204,-0.111535722465399,0.0233047870938752,1,0.210387209451834,0.220019232475894,0.205095308745921,-0.211669905607352,-0.096600748050287,0.0528779826570245,0.197859838473297,-0.021249048276674,0.0497108260165413,0.118741169657263,-0.0397686726718466,0.167226388114782,0.0309837935065441,-0.0383509533948676,0.104630977015429,-0.0887867996369029,-0.0947620732864869,0.0310589212046972,0.0359998684180391,0.0124512842321188,0.0723356525729197,0.222170977411399,0.0504857746342951
