"","l_Insular.Cortex","r_Insular.Cortex","l_Amygdal.Area","r_Amygdal.Area","l_Bed.Nucleus.of.the.Stria.Terminalis","r_Bed.Nucleus.of.the.Stria.Terminalis","l_Hippocampus","r_Hippocampus","l_Orbitofrontal.cortex","r_Orbitofrontal.cortex","l_Entorhinal.Cortex","r_Entorhinal.Cortex","l_Frontal.Association.Cortex","r_Frontal.Association.Cortex","l_Globus.Pallidus","r_Globus.Pallidus","l_Glomerular.Layer.of.the.Accessory.Olfactory.Bulb","r_Glomerular.Layer.of.the.Accessory.Olfactory.Bulb","l_Glomerular.Layer.of.the.Olfactory.Bulb","r_Glomerular.Layer.of.the.Olfactory.Bulb","l_Granule.Cell.Level.of.the.Cerebellum","r_Granule.Cell.Level.of.the.Cerebellum","l_Hypothalamic.Region","r_Hypothalamic.Region","l_Entorhinal.Cortex","r_Entorhinal.Cortex","l_Vermix.Molecular.Layer.of.the.Cerebellum","r_Vermix.Molecular.Layer.of.the.Cerebellum","l_Lateral.Molecular.Layer.of.the.Cerebellum","r_Lateral.Molecular.Layer.of.the.Cerebellum","l_Anterior.Olfactory.Bulb","r_Anterior.Olfactory.Bulb","l_Posterior.Olfactory.Bulb","r_Posterior.Olfactory.Bulb","l_Subiculum","r_Subiculum","l_Perirhinal.Area","r_Perirhinal.Area","l_PreLimbic.System","r_PreLimbic.System","l_Primary.Cingular.Cortex","r_Primary.Cingular.Cortex","l_Primary.Motor.Cortex","r_Primary.Motor.Cortex","l_Retrosplenial.Cortex","r_Retrosplenial.Cortex","l_Secondary.Cingular.Cortex","r_Secondary.Cingular.Cortex","l_Secondary.Motor.Cortex","r_Secondary.Motor.Cortex","l_Striatum","r_Striatum","l_Ventral.Tegmental.Area","r_Ventral.Tegmental.Area","l_Substantia.Nigra","r_Substantia.Nigra","l_Thalamus","r_Thalamus"
"1",1,0.0101516368776982,-0.0972880253412689,-0.0455886936744788,-0.149204697941641,-0.0573691930669602,0.00860668091340388,-0.0204060260916938,0.00573002887316073,0.0108186679116578,-0.0311761606307783,0.120006562571445,0.0155870839408802,-0.0463498398883987,0.0797315876066017,-0.089129155535521,0.121213698733911,0.015233484340347,-0.077048530434636,-0.0735576218485886,-0.255297402084934,-0.0923824061109987,0.163290516243853,0.136560652246991,-0.193103402138294,0.107558793870757,0.11400236194574,0.269739991665459,-0.0480238294132307,0.038869827552727,0.00042102510778431,-0.0677713919645071,-0.087696249593956,0.133658173722475,0.118596540975209,0.0524850507718393,0.152022555572903,-0.0821150139013673,-0.0225217464312343,-0.0869885930682235,0.0129603370492028,-0.0645980025290571,0.146308841359617,0.152411003851927,0.0912860089925366,0.0608828605719789,-0.226442833338117,-0.220517958740724,0.0864162433676921,-0.0671532737668175,0.118425652857574,0.221971214832687,0.00676058791853782,0.0527592561692333,-0.0741859952310812,0.0794044932539062,0.103354070986386,-0.0283656456011517
"2",0.0101516368776982,1,0.0499830303596914,0.0098187748859575,-0.0792283141557752,0.168373646686699,-0.0145524187909273,-0.148194787390912,0.118322588180091,0.269054364687359,0.103039354934096,0.160846270926061,-0.163123034887414,-0.175803608459273,-0.274729954021261,0.0777598567335999,0.0533409566939985,-0.149925620229341,-0.129349692616774,-0.00174206723318693,-0.0392561732058045,-0.0301520116980316,-0.0692884294890739,-0.135299117974575,0.0286921449276577,0.121223620610835,0.101329490301414,-0.0105718602800045,0.0433061395703878,0.0633839074697488,-0.160410405322211,-0.0761075196750973,0.0161583269586913,-0.232654665090144,-0.0291941843165126,0.0253331793236274,0.146238677688494,0.168202868998863,0.0719193744024576,0.00574455432014651,-0.136471915234878,-0.141997215371151,0.173909037176481,0.117139544501444,0.0547109422590536,0.0797025070456928,0.0677126961497639,-0.0269529224832461,-0.0252314825910636,-0.258300793881346,0.0651236070778743,-0.0267653590562088,-0.085826052309227,0.00521213987310131,0.114024580616392,0.188429500189401,-0.192965763829248,-0.0484624397196751
"3",-0.0972880253412689,0.0499830303596914,1,0.0348550806992682,0.0756040745395475,0.0878480051877351,0.053195306412898,0.205732837587321,0.00804877013940609,0.0335536791212759,0.229302016511229,0.0879611041372758,-0.0749810779805049,0.065162580009469,-0.0243390865313626,0.00906686823546821,0.171907503041883,-0.168831611257526,-0.0161352383986334,0.101327212668467,0.184969158913244,-0.0328435067893723,0.138728795675409,-0.0300314016547611,0.182263627416132,0.0345729692670168,0.0687253115763353,-0.112758180294216,-0.0861086886432053,-0.0141157764611648,-0.167585055849455,-0.22335341683458,0.0634280148857819,0.128158951261251,0.180422424158475,0.0898534159163263,0.0574835517860605,-0.02291824994624,0.0518102875175052,0.0211389892107357,-0.0873235232229082,0.0320959010701792,-0.0179903196618426,0.043190244399418,-0.00215455165009111,0.012193419328849,0.022208797480676,0.00227215769112165,0.097804113477514,0.138415148883333,0.102353981720153,0.0458097981966826,0.0893932784382204,0.0971937511376798,-0.029833050702425,0.0258962862071551,-0.179043878494955,-0.0775905746678854
"4",-0.0455886936744788,0.0098187748859575,0.0348550806992682,1,0.0999169610799829,0.0127154394557952,-0.103225186489655,0.151044722336817,-0.128257318722457,-0.0201718351406978,-0.0217655100698157,0.190102830654801,-0.064625537168286,-0.0423706185902834,0.0478633767337421,-0.0781952235737459,-0.123107047351338,-0.183001084664978,-0.135899098262333,-0.047505332113674,0.0305446900822258,-0.0459672805393871,-0.163716865702675,-0.114263593588436,0.167652403196035,0.156433257566368,-0.108759292806137,-0.0272323967698409,-0.0466379793471403,0.0150547550849476,-0.187171416649765,0.00660015734396224,-0.063377523178541,-0.0775901593758752,0.0687392736741809,0.0191458942369717,-0.0797434802952005,-0.134993623861146,-0.0186141197393998,-0.198865055955947,0.125627073046157,-0.0534771806670528,-0.147386206964122,0.0582250302697852,0.0781538162725295,0.0142930531042399,0.00048385992744295,0.146107377997224,-0.00078422941820418,-0.104843377418501,0.0901939983947696,-0.0276674637257352,0.199561292171039,-0.0412242082803223,-0.0533525394497853,-0.0180100571696995,-0.229898579572793,-0.0389928711185605
"5",-0.149204697941641,-0.0792283141557752,0.0756040745395475,0.0999169610799829,1,0.0941195838187822,-0.0389905746139808,0.0254699473433082,0.138519515353896,0.00022231213922088,0.103901741931459,0.0216487901112073,0.0674404912717788,0.106680609674308,-0.0501751573368951,-0.00316528013729156,0.0753857775808165,0.16192254464233,0.0303834175003221,0.109553087763163,0.162934672529829,0.20320351508186,-0.0377726195467768,-0.127218635360971,0.111007059162169,-0.114667932504866,-0.0548364823552637,-0.125028983163249,-0.0587558118489466,-0.0587192873680162,-0.100135382393607,0.0453030642170401,-0.125370987993254,0.0552527677239936,-0.198727152573593,-0.0171465291957052,-0.165984136591315,0.10629246229126,0.144555070362738,0.0260010805865867,0.119262270195858,0.0225948068201933,-0.0884781924343334,-0.240628269893314,0.135115366107679,-0.114553104802878,-0.0278408884895187,-0.0184714572658248,0.0574713446441113,-0.0561408649087397,-0.00236045057416907,-0.0524428993104823,-0.0147042133682414,-0.0401970916816741,-0.0204123920370493,-0.075584652196361,0.200777415039964,-0.00611351092905118
"6",-0.0573691930669602,0.168373646686699,0.0878480051877351,0.0127154394557952,0.0941195838187822,1,0.0321449843722125,0.0410127132830254,-0.201010800028633,-0.0640640905189113,0.022323867481085,0.204220764694728,0.0647786222772209,-0.0474287030450828,-0.100742073571033,0.101075068477445,0.0747048578605736,-0.00794855074325532,-0.0766827042338831,0.0926818074821729,0.124148577628099,-0.0929674245607384,0.182986807939716,-0.0400409302178479,-0.0176991550672914,-0.0382835431202386,0.0768913007359899,0.133433450311359,-0.00669632731924089,-0.108687220482164,-0.12600901745703,0.0506294091826873,-0.118005518238377,0.0398307752839934,0.132022068566271,0.116711963728688,-0.0318293360756216,-0.076881172036665,-0.0198306705502417,0.0368811125866765,0.0533687542264598,0.0940728743129281,0.0532587776078801,-0.0493578092645732,-0.0411337044926329,-0.184569841248805,0.0481532141788435,0.0555615329287778,-0.0525670894555486,-0.144496779432761,0.0953250816049316,0.0104357376762288,-0.053672136655934,0.00042942338711268,0.0490403752027808,-0.0223455387016898,-0.117365482014369,0.091777460264545
"7",0.00860668091340388,-0.0145524187909273,0.053195306412898,-0.103225186489655,-0.0389905746139808,0.0321449843722125,1,0.0901274865370347,-0.126382770975121,0.0690118032280979,-0.234324362743692,0.017415475418335,0.0573068215084346,0.0803527538234415,0.158518949858091,0.0839764837418926,-0.111442055833771,0.134981721170942,0.0325374041917968,0.120811450045133,-0.094173085343121,-0.100502957790241,0.2002598015389,0.0216121187678058,0.0261678691533818,-0.0483579212465633,-0.0968538766399114,0.0236520625704558,0.164258092243133,-0.0250063095047119,-0.0591674761203001,0.0995412273105913,0.0147658728628123,-0.116582102914155,0.01061822909851,0.0244246012316673,-0.0286679777383444,0.121826134360175,-0.209534247849282,-0.0820514853460361,-0.0386361185890268,-9.4594756628294e-05,-0.165894913000479,0.0112889888617787,0.0548390873051582,-0.088552928971975,0.038808569792117,-0.17706591223295,-0.0649823985293009,0.013403575317738,-0.0146629922940239,-0.147587984786974,0.0750784538977746,0.200673689178184,-0.0695432256566837,-0.109683011665224,-0.00997257783441841,-0.0402999107347036
"8",-0.0204060260916938,-0.148194787390912,0.205732837587321,0.151044722336817,0.0254699473433082,0.0410127132830254,0.0901274865370347,1,-0.0306023170277227,-0.358348102641937,-0.0166791471159658,0.211251067839362,0.167751693466152,0.11229556695946,-0.0973829580384303,-0.0688718900573655,0.0608206224374872,0.0346405534732343,-0.020570627027215,0.161331216062372,0.0744466485727123,-0.0174473699170995,0.00220440540558369,0.172885079808136,0.0845439931037042,0.0607080376637929,-0.0649484203917358,-0.0311302158314078,-0.119246731659778,-0.146888821751654,-0.135540418919923,0.158733864406309,0.162683071525467,0.0237744897496465,0.0031653313834687,0.263343763948344,0.0194682919298528,-0.0217095590172777,0.0621758179309406,-0.00703965296492894,0.0696025845385148,-0.0824166824400192,-0.170678057946493,0.0270034357076569,0.150454355430016,-0.305047276527884,0.0710247587508204,-0.0213561968355325,0.311260288238357,0.208915888006863,0.125409880931224,0.0490758157232706,0.174232191061981,-0.0350685550070077,-0.119755929085148,0.0180362008614318,-0.224002852554122,0.0944638124227004
"9",0.00573002887316073,0.118322588180091,0.00804877013940609,-0.128257318722457,0.138519515353896,-0.201010800028633,-0.126382770975121,-0.0306023170277227,1,0.168427330612867,0.0534968201780578,0.00330077988154951,-0.0205026336417586,0.0885555500214315,-0.011599931998548,0.186953105551675,0.117316566639667,0.0555855167661044,-0.177997703019457,-0.124430233116303,-0.0313007440618687,-0.14751646679323,-0.155219696132222,0.0982564291911809,0.0385543609389507,-0.0148377903961782,0.155670689616397,0.102181617242127,0.0444953155154231,0.0459997433071469,0.0189144844059439,-0.128213122225246,0.197433652967339,0.0220694808610148,-0.152693622065182,-0.130248418270119,0.0250701134525003,0.181005537828083,-0.0659563074313895,0.0298454238379496,-0.0902769972397346,-0.128746998796238,0.0486872035251401,-0.0016172882526197,0.00541077168573506,0.0345816778974217,-0.11399425623802,-0.104960554661829,0.091444041437368,0.11672961363588,0.11344408617274,-0.0351063150109643,-0.109842930140539,-0.180385507050461,-0.00684067348348986,0.0144627883473408,0.0575977236301068,-0.0645235445332526
"10",0.0108186679116578,0.269054364687359,0.0335536791212759,-0.0201718351406978,0.00022231213922088,-0.0640640905189113,0.0690118032280979,-0.358348102641937,0.168427330612867,1,-0.0333367203930524,-0.253034513509884,-0.250482414658737,0.294373084126153,0.187586330659964,0.0130429014026694,-0.137786227620792,0.160705697614609,0.0203920895887954,-0.0776890162944331,0.0065554820862911,0.045555589233716,0.099458091765755,-0.0192934943570831,-0.0518635534669498,0.0632211002897977,-0.0717163992434029,-0.0546830280514943,0.0363707482785275,-0.0507446386395858,0.100822344808757,0.0293147998315993,-0.0755298487326552,-0.0730825698453657,-0.105511228694491,-0.240819043764599,0.0269486728121788,0.0896971645610352,-0.0489954173757908,-0.0827614409466103,-0.125778567624177,-0.121530613180138,0.0874346450186717,0.0221393892619892,-0.0688948100068038,0.0856692760022343,-0.0282758049969709,-0.127212664289796,-0.166946692498079,0.0695277389296672,-0.0497025994145235,-0.0894424772714678,0.0338581699882158,0.129349009994534,0.0347076204381364,0.0437764909279185,0.037886722664365,-0.0519316171458505
"11",-0.0311761606307783,0.103039354934096,0.229302016511229,-0.0217655100698157,0.103901741931459,0.022323867481085,-0.234324362743692,-0.0166791471159658,0.0534968201780578,-0.0333367203930524,1,-0.0568990463120646,0.120634812215788,0.092302637423379,-0.0153238808493778,-0.127850990158866,0.0994671840510323,-0.0889129083524124,0.00293196217301955,0.0583657065359009,0.0514825058305887,-0.100259740151775,0.100031665826438,0.091020375690367,0.0719732447571828,0.123133060132345,0.12959368282809,-0.26819065552812,-0.0188014442788124,0.10957830942904,-0.163492766444229,-0.191140891834461,0.18023958989532,0.0151685419011575,-0.00320594667161146,0.0543719185385754,0.0846442663431467,-0.0484227199665599,0.224482456964261,0.0262153492004025,0.0230459179491852,-0.0250354037830846,0.043519609461686,-0.120172538024416,0.1075906028155,-0.0223510342735995,0.0208024420084297,-0.0182930522049861,0.144977310698705,-0.0396722917234385,0.114292093920043,0.138633388974562,-0.094017784209386,0.00362497331507744,-0.0635016901651193,0.0558808521345115,-0.00736998714367416,-0.0634413912716806
"12",0.120006562571445,0.160846270926061,0.0879611041372758,0.190102830654801,0.0216487901112073,0.204220764694728,0.017415475418335,0.211251067839362,0.00330077988154951,-0.253034513509884,-0.0568990463120646,1,-0.0707137788534829,-0.177549405151413,-0.084571259200383,0.0748136007059694,-0.0556605858418974,-0.260850529042501,0.034062684587035,0.201920796352503,-0.00486181791519824,0.0263373922574486,-0.0289340358844434,-0.223198501579678,0.17750235414939,-0.098934338520032,-0.0531341305602812,0.214500452394969,0.0193552292219838,0.0112633273547562,-0.192279790772721,0.151194926272377,-0.150137743325061,-0.100431753295426,0.00783327459243843,0.124663444139908,0.0343931712400095,0.0530827592621171,-0.0340544961901338,-0.102183561354954,0.0473319905047882,0.0558969499405341,0.15063621166925,0.185975077048945,-0.0760255397800466,-0.226606443112787,-0.0904779477074307,0.0757731177445956,0.0331122149842018,-0.168007400269101,0.0974500468218796,0.0510586174322034,-0.125850199426167,-0.107370907726104,0.041792007503811,-0.0612273993878259,-0.0476644840366291,-0.00470820903997905
"13",0.0155870839408802,-0.163123034887414,-0.0749810779805049,-0.064625537168286,0.0674404912717788,0.0647786222772209,0.0573068215084346,0.167751693466152,-0.0205026336417586,-0.250482414658737,0.120634812215788,-0.0707137788534829,1,0.00274748298251193,-0.0910048753012854,-0.0181215234686109,0.232051728868387,0.154982871236761,-0.0426738533130359,0.210749798420366,0.0009345301265878,-0.133738749948776,-0.0672159237059766,0.0280843969882148,-0.0796398938701916,0.124596486516906,-0.17802390643808,-0.0582465071738806,-0.00973239929055808,0.0151664266348179,0.0110637237219139,-0.00127523315885956,0.162992451883116,-0.152969789037999,-0.00019068026758366,0.140543429519179,-0.126846711433269,-0.0664250680646656,0.0773785064289807,0.0530262487893075,0.459388883792588,0.0468721006585165,-0.0593717068456933,-0.122428620488605,0.123724625832248,-0.144306996126893,0.00759843500005307,-0.0553298961702009,0.395514485639368,-0.00470468390914887,0.076985031278252,-0.117321706196672,-0.0123515814852581,-0.0714353091544839,-0.00207112320622324,-0.0885422422901753,-0.0151473899646348,-0.0141562292341215
"14",-0.0463498398883987,-0.175803608459273,0.0651625800094691,-0.0423706185902834,0.106680609674308,-0.0474287030450828,0.0803527538234415,0.11229556695946,0.0885555500214315,0.294373084126153,0.092302637423379,-0.177549405151413,0.00274748298251193,1,0.155407937019789,-0.251311222243712,0.0195279648056838,0.134303445503299,0.127628264139678,0.0055549218559414,0.112635427901299,-0.0843384268752875,0.240309007998549,0.0621059211949603,-0.0314378678158331,0.14047987448342,-0.0724257079336497,-0.192511493792973,0.043549270360167,-0.105864275142934,0.174621268705235,0.0777868613053505,0.120975244060279,0.108869899525897,-0.0654843374006787,-0.145327720984361,-0.0862093348878526,0.0198659207462259,0.0663106116084798,-0.121668282260927,0.0223655550758949,0.120381526596404,-0.040925560570979,-0.127512271052599,-0.0228524373082967,-0.0750948486247137,0.207922986107008,0.0325961715822803,0.0234753008949901,0.551804289884669,0.165476649117421,-0.0956173006471986,0.108259958965839,0.0477387612376135,0.0101777836794303,-0.0795164076462026,0.110160751794992,-0.147285288121529
"15",0.0797315876066017,-0.274729954021261,-0.0243390865313626,0.0478633767337421,-0.0501751573368951,-0.100742073571033,0.158518949858091,-0.0973829580384303,-0.011599931998548,0.187586330659964,-0.0153238808493778,-0.084571259200383,-0.0910048753012854,0.155407937019789,1,0.0922713615450954,-0.0819550883322396,0.0890854269096426,0.157022205902033,-0.00668896810917894,-0.0115252053369019,-0.0292155980368428,0.15551264850043,0.1491265949684,-0.0804107693360854,-0.0801825120554959,-0.0422553051433144,0.00587929676534895,0.0125861867455517,0.0539904109667951,0.220015243518022,0.0890938612272457,-0.189545094726036,0.00363220847094956,-0.00981761024914866,-0.134452239623033,-0.247702872812538,0.00434489108030975,-0.193594019824925,-0.0109550644222053,-0.0653991100417692,-0.0289747105213837,-0.0149356446344532,-0.0370355819198301,0.0498854486311079,0.0888215799216584,-0.0139163740692356,-0.022417343484716,-0.168052656409323,0.0780807043966152,0.140821153820623,0.100434525106608,-0.0121477361687503,-0.130587051009061,-0.0409660368930361,0.00584919405878198,-0.104456109372392,-0.0160709602567053
"16",-0.089129155535521,0.0777598567335999,0.00906686823546821,-0.0781952235737459,-0.00316528013729156,0.101075068477445,0.0839764837418926,-0.0688718900573655,0.186953105551675,0.0130429014026694,-0.127850990158866,0.0748136007059694,-0.0181215234686109,-0.251311222243712,0.0922713615450954,1,-0.0616543349415805,0.0219417064815803,-0.256597272973528,0.0194332950353553,-0.00520808499345688,0.0368723532070731,-0.03891707719857,0.0598570308419846,-0.122679749423007,-0.090107668229288,0.0892290358069368,0.169913494420126,0.121460974007867,0.206360987109431,-0.110186069680192,-0.11515260672869,-0.0767437583456314,-0.0987132511910082,-0.152830276365956,-0.00166797293418964,0.0432891048045913,0.0886385299262336,-0.10542339074363,0.0915547000809324,-0.0115793260964087,-0.0805404480951826,-0.154437038916639,0.0718959429165632,-0.117629316014488,0.0250383664535212,-0.147853785129183,-0.0740813668211227,-0.199539598320199,-0.165374494104652,-0.0017376802104818,0.272363628735323,-0.0758754592971822,-0.0304330377452646,-0.0404115282784139,-0.0448652340338312,-0.0320251403110687,0.127073882103931
"17",0.121213698733911,0.0533409566939985,0.171907503041883,-0.123107047351338,0.0753857775808165,0.0747048578605735,-0.111442055833771,0.0608206224374872,0.117316566639667,-0.137786227620792,0.0994671840510323,-0.0556605858418975,0.232051728868387,0.0195279648056838,-0.0819550883322396,-0.0616543349415805,1,-0.00328848287600493,0.0458231360051291,0.0610591958601332,-0.0381724397269223,-0.00651645356707245,-0.137336997833108,0.136633767834533,-0.10822528126014,0.120823148888033,0.115372225066489,0.0295115380508013,-0.0236357844756378,0.0413037634124601,0.0332986237734437,-0.252121879575563,0.122902503781629,0.0741031589284305,0.00851424237243806,0.00257989241704863,0.0200871694468891,-0.079759554426179,0.159606437865391,0.103981825806005,0.0343801987104318,0.114070104802496,-0.0165793182038048,-0.0224558102204512,0.205939044064966,0.0702693809380453,-0.161240365642498,-0.0514490508006247,0.44190454300929,-0.0550398301307201,-0.0536472335131445,-0.0996879033715859,0.00602084454822746,0.0389096571473723,-0.00885125378659932,0.184815297888318,-0.00061097818051375,-0.0186631095853098
"18",0.015233484340347,-0.149925620229341,-0.168831611257526,-0.183001084664978,0.16192254464233,-0.00794855074325532,0.134981721170942,0.0346405534732343,0.0555855167661044,0.160705697614609,-0.0889129083524124,-0.260850529042501,0.154982871236762,0.134303445503299,0.0890854269096426,0.0219417064815803,-0.00328848287600493,1,-0.0345676971831525,-0.0429985267628161,-0.0691118666862638,-0.0981172119038301,0.0822623994255877,0.0953482468818808,-0.206417174034567,0.136230044297526,0.0253564641766932,0.031945031476324,0.126558664449029,-0.0818646711121099,-0.0979930255716874,0.123619327563902,-0.0492680405910003,0.0938630449737007,-0.165324237554472,-0.197559952518043,-0.00181872043247657,0.329878390600322,-0.103360808900937,0.0675942762263632,0.0961981178866972,0.122002259895523,0.0575164540210102,-0.0869790931883861,0.0886226971952033,-0.0520877085740171,0.0461405815022977,-0.0359497504485877,-0.00721580850422315,0.24613362583438,0.0239162288081926,0.0143176319556185,-0.0165043328987128,0.00322426716748559,-0.0281465087314319,-0.185846888957257,0.106498454381128,-0.0420823842220186
"19",-0.077048530434636,-0.129349692616774,-0.0161352383986334,-0.135899098262333,0.0303834175003221,-0.0766827042338831,0.0325374041917968,-0.020570627027215,-0.177997703019457,0.0203920895887954,0.00293196217301955,0.034062684587035,-0.0426738533130359,0.127628264139678,0.157022205902033,-0.256597272973528,0.0458231360051291,-0.0345676971831525,1,0.268824304332559,0.0837338479393231,0.128883234945917,0.176765117411194,-0.13379476363979,0.0401456865380034,-0.0965695289920824,-0.105443259760012,-0.192319034439903,-0.0674899187994139,-0.0740947168236361,0.531946275411976,0.349756521657671,0.0253194348865865,-0.00483563522768583,0.101104634091389,-0.146550382838961,-0.16830128555668,-0.154597206417062,0.0136863954405317,0.00852965182562024,0.0771702850093923,0.00578683917809749,0.011931636158011,-0.0215585658826873,0.0453126158114649,0.0843956397219844,-0.0168630836532829,0.0214489473104672,0.135829012623002,0.156963392151499,-0.120220744234317,-0.156424217893792,0.157589520054278,0.0105067626764248,0.156565791188641,-0.070624658659654,-0.00574562153340827,-0.038055114476869
"20",-0.0735576218485886,-0.00174206723318693,0.101327212668467,-0.047505332113674,0.109553087763163,0.0926818074821729,0.120811450045133,0.161331216062372,-0.124430233116303,-0.0776890162944331,0.0583657065359008,0.201920796352503,0.210749798420366,0.0055549218559414,-0.00668896810917894,0.0194332950353553,0.0610591958601332,-0.0429985267628161,0.268824304332559,1,0.20622624268607,-0.0192271608044247,0.0829213386897616,-0.0206989649800166,-0.0684209955919212,0.00630504472403402,-0.290180421009976,-0.0514402562020769,0.0546244947076061,-0.189807802826734,0.160851275607136,0.364527577856095,-0.0280382486250578,0.0188120215193876,-0.0792172949508491,0.280038414237785,-0.124487086110358,-0.0586227375080736,0.034828705696201,-0.175966394608171,0.311750720229489,0.105973444297185,-0.0897921946462143,0.0602896673352778,0.0479224745742861,-0.17498519284275,-0.223840989173818,-0.0400917200572167,0.202111161541494,0.0272650363286396,-0.0184792590560985,-0.0141624348722473,-0.00136600374629142,-0.0455500253331546,0.0246739379741765,-0.0519898451077336,-0.0303004066727578,0.163897514098461
"21",-0.255297402084934,-0.0392561732058045,0.184969158913244,0.0305446900822258,0.162934672529829,0.124148577628099,-0.094173085343121,0.0744466485727123,-0.0313007440618688,0.0065554820862911,0.0514825058305887,-0.00486181791519824,0.0009345301265878,0.112635427901299,-0.0115252053369019,-0.00520808499345688,-0.0381724397269223,-0.0691118666862638,0.0837338479393231,0.20622624268607,1,0.169853735188837,0.0261326110049012,0.0189166771981742,-0.0518943149338913,-0.209126226637552,-0.0530208713950579,-0.148385964396603,-0.00170458202764406,-0.134113075411836,0.154620140142951,0.0977849118651329,0.0540169938113475,0.0253029257481096,-0.201265288043715,-0.0349338289337916,-0.15608849282864,-0.287133102776856,-0.0612316180082562,-0.00897035269100555,0.0923860359128855,0.0403627542456695,0.0634603657507225,0.0867898029405031,-0.0311857178648159,-0.141562669577905,0.0321427217146607,-0.0773903864963702,0.0365553911791907,0.176249134212748,-0.0568083016775062,-0.0697659922753306,-0.0453152935780766,0.0803244484179361,0.154893825977375,0.0597158013783718,0.0481679044062102,-0.0312672565322911
"22",-0.0923824061109987,-0.0301520116980316,-0.0328435067893723,-0.0459672805393871,0.20320351508186,-0.0929674245607384,-0.100502957790241,-0.0174473699170995,-0.14751646679323,0.045555589233716,-0.100259740151775,0.0263373922574486,-0.133738749948776,-0.0843384268752874,-0.0292155980368428,0.0368723532070731,-0.00651645356707245,-0.0981172119038301,0.128883234945917,-0.0192271608044247,0.169853735188837,1,-0.112314621029716,-0.0349075893263031,-0.0395704554865421,-0.177526118063929,-0.108473226741894,0.0287498421014525,-0.135330348232981,0.00721964586662513,0.165608703693137,0.0437860906231905,-0.167669370106974,-0.0662673812092347,-0.0780411195593719,0.166990890887177,-0.0291163557044265,-0.0897081465214927,0.0198298032308826,0.141947605097651,0.0815187050162355,0.0471516116036159,-0.0585238411345316,0.0326332612220106,-0.167207986950836,0.0806985511085194,0.0286560233547869,0.131665505261991,0.129613635763138,-0.0769611248425916,-0.181773053095074,-0.0601360553531396,0.0470239577548318,0.0239349935848187,-0.0463433953512351,0.00890992204315514,-0.014592622553147,-0.0432633916519396
"23",0.163290516243853,-0.0692884294890739,0.138728795675409,-0.163716865702675,-0.0377726195467768,0.182986807939716,0.2002598015389,0.00220440540558369,-0.155219696132222,0.099458091765755,0.100031665826438,-0.0289340358844434,-0.0672159237059766,0.240309007998549,0.15551264850043,-0.03891707719857,-0.137336997833108,0.0822623994255877,0.176765117411194,0.0829213386897616,0.0261326110049012,-0.112314621029716,1,0.294586949713859,-0.207913228282133,-0.176442885608001,-0.0242567482294242,-0.10691258663649,0.0652454757838877,-0.0399707684333079,0.0214034758710793,0.133515924367973,-0.0158437025950493,0.173285642710486,-0.0122745647780567,-0.142009450309445,-0.0101774302504411,0.0581469934548623,-0.0489313215439835,0.0813663155159517,0.0788045674861684,0.00796395674133427,-0.0130934518718738,-0.171151344678973,-0.0254990919525831,-0.144691094476391,0.103214044805008,-0.182421992186169,-0.122436431394826,0.114483032895995,0.0152796533118107,0.120945874748185,0.111794222845188,0.0940388804413786,0.0568364044991928,-0.169475647257261,0.00153354041077019,0.0515332521787061
"24",0.136560652246991,-0.135299117974575,-0.030031401654761,-0.114263593588436,-0.127218635360971,-0.0400409302178479,0.0216121187678058,0.172885079808136,0.098256429191181,-0.0192934943570831,0.091020375690367,-0.223198501579678,0.0280843969882148,0.0621059211949603,0.1491265949684,0.0598570308419846,0.136633767834533,0.0953482468818808,-0.13379476363979,-0.0206989649800166,0.0189166771981742,-0.0349075893263031,0.294586949713859,1,-0.337698157267823,-0.0781146906276914,-0.119054063434231,-0.0386184180906006,0.0944612998587498,-0.026910582329705,0.0260325413128514,0.0125773587985256,0.255629380837986,0.252776426314441,-0.0690972527098302,-0.0693076249334009,-0.14914752502312,-0.0684384672198755,0.0399303188187517,0.0620442912317332,-0.094154810728626,-0.0480749674434729,-0.132682300940824,-0.0432417682908114,0.112713343984034,-0.0204185095824973,-0.0280736195044409,-0.138873711540045,0.117465916010986,0.0480548068975356,0.0745799371373354,0.0501813560612411,0.152899680974151,0.0160372905079335,-0.108700047284821,0.00254949930412181,-0.0388021487490101,0.135382684629233
"25",-0.193103402138294,0.0286921449276577,0.182263627416132,0.167652403196035,0.111007059162169,-0.0176991550672914,0.0261678691533818,0.0845439931037042,0.0385543609389507,-0.0518635534669498,0.0719732447571828,0.17750235414939,-0.0796398938701916,-0.0314378678158331,-0.0804107693360854,-0.122679749423007,-0.10822528126014,-0.206417174034567,0.0401456865380034,-0.0684209955919212,-0.0518943149338913,-0.0395704554865421,-0.207913228282133,-0.337698157267823,1,-0.0201338592674271,-0.0429952921165064,0.0662057099789868,-0.119915807857486,0.0494028382584773,0.00239418579598538,-0.0212689184715495,-0.170496078015613,-0.111613496511361,-0.0615236209456513,0.0111017972724808,0.0282950043986979,0.0672748900649303,0.0979365214552795,-0.129812626962782,-0.0374312411541717,0.100202666509414,0.00570030235604034,-0.0816677050862053,0.0856621520144431,0.00507671602019249,0.11947893591841,0.0493549019542281,0.0327540437812457,-0.0199982737562771,-0.144792122032513,-0.138767904177483,0.014672816217445,-0.0293566784694749,0.146707476270853,0.0623173011601927,0.0566758013679153,-0.0253032782838057
"26",0.107558793870757,0.121223620610835,0.0345729692670168,0.156433257566368,-0.114667932504866,-0.0382835431202386,-0.0483579212465633,0.0607080376637929,-0.0148377903961782,0.0632211002897977,0.123133060132345,-0.098934338520032,0.124596486516906,0.14047987448342,-0.0801825120554959,-0.090107668229288,0.120823148888033,0.136230044297526,-0.0965695289920824,0.00630504472403403,-0.209126226637552,-0.177526118063929,-0.176442885608001,-0.0781146906276914,-0.0201338592674271,1,-0.0100301494497785,-0.127932364986798,-0.107170487596968,-0.122315586208718,-0.109347050158475,-0.0743046587310305,0.0340713654430501,-0.19441213267038,0.0650598165711508,-0.0315357977159041,0.22679966108154,0.0508189764492575,-0.00032538529021388,-0.0504422508792728,-0.093210878158492,0.0848990043886619,0.00954289705130755,0.0492601600890615,-0.00145791637923028,0.099461438893193,0.100778172848433,0.0524608627468476,0.0201256668474671,0.0701695392953109,0.222905433985102,0.0121391374948051,-0.0373881794437578,-0.0210676058130752,0.0793616085333208,0.209228651659847,-0.0621443518307522,0.134600950341497
"27",0.11400236194574,0.101329490301414,0.0687253115763353,-0.108759292806137,-0.0548364823552636,0.0768913007359899,-0.0968538766399114,-0.0649484203917358,0.155670689616397,-0.0717163992434029,0.12959368282809,-0.0531341305602812,-0.17802390643808,-0.0724257079336497,-0.0422553051433144,0.0892290358069368,0.115372225066489,0.0253564641766932,-0.105443259760012,-0.290180421009976,-0.0530208713950579,-0.108473226741894,-0.0242567482294242,-0.119054063434231,-0.0429952921165064,-0.0100301494497785,1,0.209706355681145,0.149815438609138,0.0104359519561885,-0.0864048824986715,-0.275810292083844,0.00524148454410262,0.157751684039787,-0.0817689703453899,-0.0522524180568262,0.295848811959619,0.113513575078283,-0.0259784769717128,0.176153322703408,0.0305659162786147,0.00615292543749206,-0.0733249651925998,0.0502284049266627,0.169911297935878,0.263941675011701,-0.156777208691431,-0.209549478927966,-0.102175145888448,0.0132127333105278,0.0354409424520127,0.362788599730149,-0.223607209056674,0.0369422958872214,0.0686021031754767,0.103068451693229,-0.0979187409264817,-0.128440081170927
"28",0.269739991665459,-0.0105718602800045,-0.112758180294216,-0.0272323967698409,-0.125028983163249,0.133433450311359,0.0236520625704558,-0.0311302158314078,0.102181617242127,-0.0546830280514943,-0.26819065552812,0.214500452394969,-0.0582465071738806,-0.192511493792973,0.00587929676534895,0.169913494420126,0.0295115380508013,0.031945031476324,-0.192319034439903,-0.0514402562020769,-0.148385964396603,0.0287498421014525,-0.10691258663649,-0.0386184180906006,0.0662057099789867,-0.127932364986798,0.209706355681145,1,0.00069824063639209,-0.0683785391166754,-0.12100792407613,-0.178348598704859,-0.155849247694781,-0.0642487297760135,-0.102416061950039,0.0322837076023991,0.0498469696197366,0.032360151816631,-0.2917986004281,-0.066416549901551,0.0345420555469129,0.0387675559396333,-0.00863713088640078,0.00011132484033152,-0.0509917732817751,0.0248700213755481,-0.0844531585930721,-0.0448565909036326,-0.0769533862140826,-0.0632568532379984,0.00326174878333237,0.0580310826832033,-0.12856153933551,0.0545104721905323,0.0654591619431889,0.0889498995949561,0.0716002818196499,0.0179501998661653
"29",-0.0480238294132307,0.0433061395703878,-0.0861086886432053,-0.0466379793471403,-0.0587558118489466,-0.00669632731924089,0.164258092243133,-0.119246731659778,0.0444953155154231,0.0363707482785275,-0.0188014442788124,0.0193552292219838,-0.00973239929055808,0.043549270360167,0.0125861867455517,0.121460974007867,-0.0236357844756378,0.126558664449029,-0.0674899187994139,0.0546244947076061,-0.00170458202764406,-0.135330348232981,0.0652454757838877,0.0944612998587498,-0.119915807857486,-0.107170487596968,0.149815438609138,0.00069824063639209,1,0.128008638118631,0.00627351605169172,-0.0757608568597269,-0.00787383422701107,0.199833594412653,-0.267382241015242,-0.152635554826136,0.128695790205232,0.082117476260147,-0.0261960591986436,0.0105565866311535,0.174952362794521,-0.0022494035706626,-0.0948660855546007,-0.0153147823171284,0.0145750154136779,0.00076542183326232,0.0751877722383411,-0.00967340596664447,-0.158532928470392,-0.132336978581863,-0.0403339029392511,0.143709795612504,-0.105835544734492,-0.0827486888864911,0.0564128114417814,-0.0273961396814059,-0.123630133127065,0.10353362358872
"30",0.038869827552727,0.0633839074697488,-0.0141157764611648,0.0150547550849476,-0.0587192873680162,-0.108687220482164,-0.0250063095047119,-0.146888821751654,0.0459997433071469,-0.0507446386395858,0.10957830942904,0.0112633273547562,0.0151664266348179,-0.105864275142934,0.0539904109667951,0.206360987109431,0.0413037634124601,-0.0818646711121099,-0.0740947168236361,-0.189807802826734,-0.134113075411836,0.00721964586662513,-0.0399707684333079,-0.026910582329705,0.0494028382584774,-0.122315586208718,0.0104359519561885,-0.0683785391166754,0.128008638118631,1,-0.0403218943784724,-0.00152345820628121,-0.0839201103270358,-0.00432390998897072,-0.187279258231343,-0.142559606291305,0.0457534037416498,0.132540062951476,0.0308622928026548,0.0661813978203618,0.00513563001089072,-0.00628436832522672,-0.0770932684032585,0.00317518495086189,-0.0425242539478966,0.0375572979704815,-0.0256365113669784,0.00809198435110799,-0.135862970102971,-0.131120547537895,-0.0757082254102781,-0.0945732509268761,0.0522371225863626,-0.0822468732487057,0.00743940307523022,-0.00776446404154824,-0.053659779070321,-0.0908520357656817
"31",0.00042102510778431,-0.160410405322211,-0.167585055849455,-0.187171416649765,-0.100135382393607,-0.12600901745703,-0.0591674761203001,-0.135540418919923,0.0189144844059439,0.100822344808757,-0.163492766444229,-0.192279790772721,0.0110637237219139,0.174621268705235,0.220015243518022,-0.110186069680192,0.0332986237734437,-0.0979930255716874,0.531946275411976,0.160851275607136,0.154620140142951,0.165608703693137,0.0214034758710793,0.0260325413128514,0.00239418579598538,-0.109347050158475,-0.0864048824986715,-0.12100792407613,0.00627351605169172,-0.0403218943784724,1,0.342538887606448,-0.00272837670734344,0.178930734557097,-0.145619834057547,-0.0912434983694014,-0.131878266660785,-0.168407812971427,-0.152562645520276,-0.0634257348589726,0.0262696024428216,0.0645134078642979,0.0634225251156729,0.0179424782750032,-0.0253076989657293,0.0911771774525821,-0.122633967499539,0.105299067497135,0.131819177583864,0.263957053671849,-0.13955555206555,-0.156789293580618,0.111330211034299,-0.0452568145884217,0.254986042174119,0.0510650267118116,-0.00805454985613796,0.0944209815561298
"32",-0.067771391964507,-0.0761075196750973,-0.22335341683458,0.00660015734396224,0.0453030642170401,0.0506294091826873,0.0995412273105913,0.158733864406309,-0.128213122225246,0.0293147998315993,-0.191140891834461,0.151194926272378,-0.00127523315885956,0.0777868613053504,0.0890938612272457,-0.11515260672869,-0.252121879575563,0.123619327563902,0.349756521657671,0.364527577856095,0.0977849118651329,0.0437860906231905,0.133515924367973,0.0125773587985256,-0.0212689184715495,-0.0743046587310306,-0.275810292083844,-0.178348598704859,-0.0757608568597269,-0.00152345820628121,0.342538887606448,1,-0.046503696978044,0.0178769022722667,-0.143519501496247,-0.0487909012698448,-0.116331454967169,-0.0057005633271564,-0.103562856224895,-0.181016276382617,0.134211352782096,-0.0304231123996651,0.0431389992974641,0.00035393223976883,-0.0369036575338612,-0.15976514674702,-0.14207391125801,-0.0950139270165731,0.0517409202664619,0.115206812144709,-0.118846432157523,-0.206336657248214,0.109713753234977,-0.0252336360452468,0.0487267689717878,-0.0198801211909603,-0.0460432627632655,0.0447064908741948
"33",-0.087696249593956,0.0161583269586913,0.0634280148857819,-0.063377523178541,-0.125370987993254,-0.118005518238377,0.0147658728628123,0.162683071525467,0.197433652967339,-0.0755298487326552,0.18023958989532,-0.150137743325061,0.162992451883116,0.120975244060279,-0.189545094726036,-0.0767437583456314,0.122902503781629,-0.0492680405910003,0.0253194348865865,-0.0280382486250578,0.0540169938113475,-0.167669370106974,-0.0158437025950493,0.255629380837986,-0.170496078015613,0.0340713654430501,0.00524148454410262,-0.155849247694781,-0.00787383422701107,-0.0839201103270358,-0.00272837670734344,-0.046503696978044,1,0.0339705138091288,0.093759787756442,0.0319140098552952,-0.126331336555424,-0.15023856624978,0.187054527489686,0.0811919472384258,0.0415873977372663,-0.0523110358228697,0.0243815200435311,0.0605150698467552,0.165212216921638,0.0238207517332973,0.0586741852924748,0.0207674583560632,0.229710660089908,0.169515604951755,0.144544722640175,0.0274476987197864,0.239228024353297,0.109707861383188,0.138533535575942,-0.0798142807826644,0.0916556639664556,-0.0599715154537783
"34",0.133658173722475,-0.232654665090144,0.12815895126125,-0.0775901593758752,0.0552527677239936,0.0398307752839934,-0.116582102914155,0.0237744897496465,0.0220694808610148,-0.0730825698453657,0.0151685419011575,-0.100431753295426,-0.152969789037999,0.108869899525897,0.00363220847094956,-0.0987132511910082,0.0741031589284305,0.0938630449737007,-0.00483563522768583,0.0188120215193876,0.0253029257481096,-0.0662673812092347,0.173285642710486,0.252776426314441,-0.111613496511361,-0.19441213267038,0.157751684039787,-0.0642487297760135,0.199833594412653,-0.00432390998897072,0.178930734557097,0.0178769022722667,0.0339705138091288,1,-0.00712062458971146,-0.0156270708350206,0.0531013293959931,-0.0747877323265158,0.0879351816918115,0.220391600498899,0.010364974650939,0.124334964900767,-0.0422793437035759,0.0532561851259442,0.0603202817021715,-0.0740109313664205,-0.244749394348543,0.0387329436971688,-0.00079045737539904,0.188805878699001,-0.00555109638454545,0.147196485707893,-0.147726583064192,-0.0209123372437737,0.0213362316756588,-0.0627207153110133,0.0935715665359776,-0.00736266038061803
"35",0.118596540975209,-0.0291941843165126,0.180422424158475,0.068739273674181,-0.198727152573593,0.132022068566271,0.01061822909851,0.0031653313834687,-0.152693622065182,-0.105511228694491,-0.00320594667161146,0.00783327459243843,-0.00019068026758366,-0.0654843374006787,-0.00981761024914866,-0.152830276365956,0.00851424237243806,-0.165324237554472,0.101104634091389,-0.0792172949508491,-0.201265288043715,-0.0780411195593719,-0.0122745647780567,-0.0690972527098302,-0.0615236209456513,0.0650598165711508,-0.0817689703453898,-0.102416061950039,-0.267382241015242,-0.187279258231344,-0.145619834057547,-0.143519501496247,0.093759787756442,-0.00712062458971146,1,0.280938540086091,0.0954835713437336,-0.124522373708358,-0.00301376277738249,0.00910897332626939,-0.0901784539641644,-0.033008849268157,0.145539424325377,0.0299772977542895,-0.0172879624933757,0.0467157550766855,0.0270180887338497,0.133353443729179,0.0494478345444975,-0.0686801126074428,0.0595800158858094,0.055859859219961,0.0150303933402545,0.0766319310487532,-0.112352701689165,-0.0435373552539297,0.0533004145101951,-0.0445138629171475
