"","l_Insular.Cortex","r_Insular.Cortex","l_Amygdal.Area","r_Amygdal.Area","l_Bed.Nucleus.of.the.Stria.Terminalis","r_Bed.Nucleus.of.the.Stria.Terminalis","l_Hippocampus","r_Hippocampus","l_Orbitofrontal.cortex","r_Orbitofrontal.cortex","l_Entorhinal.Cortex","r_Entorhinal.Cortex","l_Frontal.Association.Cortex","r_Frontal.Association.Cortex","l_Globus.Pallidus","r_Globus.Pallidus","l_Glomerular.Layer.of.the.Accessory.Olfactory.Bulb","r_Glomerular.Layer.of.the.Accessory.Olfactory.Bulb","l_Glomerular.Layer.of.the.Olfactory.Bulb","r_Glomerular.Layer.of.the.Olfactory.Bulb","l_Granule.Cell.Level.of.the.Cerebellum","r_Granule.Cell.Level.of.the.Cerebellum","l_Hypothalamic.Region","r_Hypothalamic.Region","l_Entorhinal.Cortex","r_Entorhinal.Cortex","l_Vermix.Molecular.Layer.of.the.Cerebellum","r_Vermix.Molecular.Layer.of.the.Cerebellum","l_Lateral.Molecular.Layer.of.the.Cerebellum","r_Lateral.Molecular.Layer.of.the.Cerebellum","l_Anterior.Olfactory.Bulb","r_Anterior.Olfactory.Bulb","l_Posterior.Olfactory.Bulb","r_Posterior.Olfactory.Bulb","l_Subiculum","r_Subiculum","l_Perirhinal.Area","r_Perirhinal.Area","l_PreLimbic.System","r_PreLimbic.System","l_Primary.Cingular.Cortex","r_Primary.Cingular.Cortex","l_Primary.Motor.Cortex","r_Primary.Motor.Cortex","l_Retrosplenial.Cortex","r_Retrosplenial.Cortex","l_Secondary.Cingular.Cortex","r_Secondary.Cingular.Cortex","l_Secondary.Motor.Cortex","r_Secondary.Motor.Cortex","l_Striatum","r_Striatum","l_Ventral.Tegmental.Area","r_Ventral.Tegmental.Area","l_Substantia.Nigra","r_Substantia.Nigra","l_Thalamus","r_Thalamus"
"1",1,0.361854684800327,0.15645945979145,0.157076064629451,0.0405703163435994,0.0687562120364123,0.0766901531517356,0.0406395457703789,0.275790773600784,0.27141499809568,0.156070424130235,0.107474542716276,0.0454023558315747,-0.00169523476786144,0.179322544970346,-0.0280429607661187,0.11640032615774,0.0954357023038375,-0.132473946081369,0.166434430467795,-0.141259646514451,0.118860181980843,-0.06336261537931,0.115705722330181,-0.0191734972820063,-0.0735067606434422,0.154720595485363,-0.0366183435369467,-0.046524164839899,0.00165649292138401,0.158816555934081,0.172264693694991,0.123242185827804,0.170633232910042,0.0284032365035152,-0.0989367069292918,-0.157003058566707,-0.188953045300173,0.13771016388806,0.239808073465132,0.0442752540664452,0.0688177774643073,0.166867118545227,0.0655628972227591,0.0697316443288471,0.1447780104779,0.144504859503372,0.0838410712787926,-0.0784250007140921,-0.0629098037131528,0.334711174507109,0.216927518523944,-0.164629033178485,-0.11526095288177,0.0135815224673099,0.096613762639596,-0.20682884421176,-0.367063062926629
"2",0.361854684800327,1,0.0654178629501976,0.037107568258164,0.0616270875182843,0.0525657393107834,0.0461780525847356,-0.154777732749929,0.212158529488389,0.301361774983352,0.0110724667895764,0.0964157662191943,0.0564695969378356,-0.00969824417271484,0.0906315942238026,-0.0375326246705776,0.0412771540508396,-0.0247687862964348,-0.098098575754796,0.179964978537651,0.0923424709177427,0.124145840900712,0.0211602578800585,0.203508814564761,0.146137966101757,0.0345374322905386,0.113988869092002,0.113394053516704,0.0659480535670864,-0.00788637920552673,0.130956501980458,0.148140575428721,0.142674468190629,0.202144645474694,0.0361284357938229,-0.286953841317661,-0.0898124749801375,-0.127151345370488,0.0681859689676691,0.296234418385256,-0.11375442278914,0.0209483657409098,-0.00862562996523929,0.0594729137359316,-0.0355203051004442,0.0997407139705979,-0.131317495171298,-0.106030371921328,-0.0351078601188158,-0.119955342275013,0.15182603382201,0.117312480028149,-0.067455677381406,-0.0841106094439797,-0.0392591120298902,0.0877539973936823,-0.081823279350017,-0.100796652287849
"3",0.15645945979145,0.0654178629501976,1,0.0652156327163108,0.0877102569797606,-0.0044852657352839,0.0187477502548193,-0.0219599696570314,0.014052370500839,0.0266834663807489,0.138048450239366,0.257388194393879,0.0209839596373168,-0.0579254530898419,0.131054902544013,0.127779207025598,-0.0573710943520434,0.0214695080447965,-0.103400113625971,0.0701686249237922,0.0202675772243599,-0.0656469905116787,0.23657248479775,0.191262496146422,0.07844337613023,0.0574603806942572,-0.103722328892248,0.0335049022045569,0.00597273782976556,0.0827836551869754,-0.00260303057130566,0.102310699275651,-0.00042907410224604,0.241755044869108,-0.132557562828488,-0.0154782485389446,-0.156233392838238,0.0143819407883122,-0.0287386962474208,0.105378066969841,0.00503611143022166,0.0239991462034991,0.108972123555052,0.253771683426861,0.211999414980161,0.0950089747804436,0.0964405536101631,0.0254322914416863,0.0670664003938017,0.135305661045309,0.070565155991849,0.0638143201337366,0.076485241202981,0.150062595984119,-0.0169554543287076,0.0807176590695992,0.00667530740447153,-0.0440769326513182
"4",0.157076064629451,0.037107568258164,0.0652156327163108,1,0.120963631897898,0.0786697065090635,-0.0445831042509724,-0.0891145689671071,-0.0322547552743412,0.10369192577937,0.0955735058935841,0.246256449293541,-0.0167596511754982,0.028372373344571,0.13971752645967,0.0544137146681984,-0.103406464931099,-0.0683114734692396,0.116960630222246,0.14285626348812,-0.0258500049998353,-0.187934768795692,0.0744274221458186,0.0292236446440977,0.04285267340062,0.079492272701704,-0.0961367025709089,0.0244113958216118,0.0553406403030832,0.129721215790804,0.113920905804192,-0.0709794683691565,-0.0588956968943474,0.0515906472450548,-0.202094078518817,-0.191224522176013,0.0485671430624947,-0.0683118806762189,-0.0217764333290773,0.0862828649427987,-0.107144395738128,-0.0289628683282695,0.081793828454133,0.181347086471476,-0.150580605119735,0.0265455721470472,-0.0161929587766098,0.00665258447611148,0.0363240962960322,-0.0907700982692786,0.0255698173262254,0.144199026222879,-0.089499131927883,-0.091326357141481,0.19108110549406,-0.233009467866458,-0.00130530024790683,-0.0228048644336043
"5",0.0405703163435994,0.0616270875182843,0.0877102569797606,0.120963631897898,1,0.0844597659846854,0.0416436035587716,0.00272154267929105,-0.0478274598249789,0.00704996088226383,0.234002163394975,0.105987545693208,0.0689169402948734,-0.0841352950361021,0.0349589100491225,-0.148017643530368,0.0943637298788855,0.0685190776930304,-0.0953126227406546,0.0529897290981488,-0.0559304582977233,-0.0382911634927718,0.0711496137309788,0.0042272145824004,0.0012181955917517,0.0591170934229052,0.00426240614620653,0.0841246413622407,-0.175960260535652,-0.0176558823146179,-0.0918329116178395,0.12362757731585,0.0867256891375284,0.0192855174475789,-0.00623487273608562,-0.0457428870391014,0.0205423238950778,-0.0788464460817282,0.139796904857323,0.1832777823035,0.0904212886060478,0.0904113505617189,0.154054213732737,0.132956113877169,-0.114223189277843,-0.075470522446511,0.101464585273351,-0.0125673310999393,-0.036949743980317,-0.031744812761044,0.187766337138319,0.283766206013214,-0.0124634116971854,-0.140797765268857,0.0266863826694634,0.10715685271656,0.0289641943323496,0.0424740063961535
"6",0.0687562120364123,0.0525657393107834,-0.0044852657352839,0.0786697065090635,0.0844597659846854,1,0.144508428884563,-0.0786309386895063,0.119092027760268,-0.0921318083628224,0.0638223279865589,-0.0455041176591186,0.0359210618054812,-0.158879736445066,-0.0282839926428253,0.00910889327601848,-0.266203453174067,0.045924089440144,-0.190986333948193,-0.0454969104467098,0.180628762556053,-0.0368002431404058,0.0028366332635565,0.0458412345217109,0.0483916381026948,0.148910720349617,0.0801927358501485,0.0393749649397735,0.0516421138061884,-0.150919834907729,-0.245331090888268,-0.101483635754491,-0.00560633150672057,0.0168775525842886,-0.0780427306839508,-0.0130542132062984,-0.15541340365018,-0.124105906752459,0.153747782065918,0.168892279066867,-0.0825956761216568,-0.219110748651533,0.161146214646261,0.0401814463634561,-0.217036284013525,-0.0788247073182278,0.0184845658613344,0.110011547790921,-0.185502010055734,-0.129625243855945,0.0952906151738032,0.222496718171964,-0.109923858227716,-0.183710266579115,0.102102291046563,0.0384862826361385,0.0700050051955792,0.0260849892651085
"7",0.0766901531517356,0.0461780525847356,0.0187477502548193,-0.0445831042509724,0.0416436035587716,0.144508428884563,1,0.141204050445576,0.212658885861535,0.137790331712836,0.0729723091781808,0.154252352672992,-0.199507328785057,0.0354807003474161,0.0404574538330703,0.0116815363695437,0.0080810577686348,-0.0688293109391628,-0.152972517157921,0.220948524029108,0.0790132278455263,-0.0691253752048163,0.174461702576486,0.14850696445534,-0.0258266987622115,0.121302293497591,0.0918579234864557,0.0342614175833983,-0.0189976828766196,0.0855447231533329,0.167109805945036,0.0614783025202743,0.0464728332945451,0.305320702391248,0.13273875107806,0.00659133939883144,0.120214038236229,0.0310050394214822,-0.028860555736973,0.139167813860889,0.0272675188808413,-0.0687222602775924,0.0769873335812496,0.105775247122765,-0.091943084330118,-0.0874823341550272,0.0223899352367053,-0.00849941119631154,-0.135048670220116,0.034241755776784,0.0571090956349415,0.141023426258175,-0.104869670973415,0.0323412938228809,-0.103264318604079,0.143620404149957,-0.0229978436682522,0.0313385049748237
"8",0.0406395457703789,-0.154777732749929,-0.0219599696570314,-0.0891145689671072,0.00272154267929105,-0.0786309386895063,0.141204050445576,1,0.115919376356828,0.0709581066293012,-0.199739459493045,-0.0470417909619953,-0.0487654411414622,0.135721020827513,0.00723195699911959,-0.160623758598413,0.00966636851908958,0.179123161563223,0.0109091896612939,0.0551224837353496,0.127197953603774,0.0493574030941527,-0.0330284124389539,0.0359121633029482,0.00146588046293676,-0.0371734959707588,-0.00128029067383074,0.0228247460723639,0.135643289361381,-0.028774743044663,0.0665201192577727,0.182401705785535,-0.073135778607056,0.0595311095292624,0.143842961777027,0.233035351342529,0.191773793031524,-0.00761939184493444,0.00091757734063029,0.0778691993990268,0.00127088943262435,0.0680141887112058,0.123924031776782,-0.0240120169346036,-0.109039177412416,-0.0784138753940249,0.0881836272443367,0.0591409504934092,-0.0241561981282618,0.183534982081833,0.0293784259215071,-0.096055150270696,0.192617473327164,-0.11256224206077,0.00372990060012543,-0.0595688523247069,0.192167379811255,0.189048616053434
"9",0.275790773600784,0.212158529488389,0.014052370500839,-0.0322547552743412,-0.0478274598249789,0.119092027760268,0.212658885861535,0.115919376356828,1,0.350827934483125,0.0836773254267484,0.0881287477484982,-0.0597682792645829,0.0112356650335259,0.0458884257316309,-0.0172741214923787,0.0181096022933801,0.00510485796083054,-0.0269022577625966,0.178248195802882,-0.014186124623423,0.172347950672999,-0.0281095876642533,0.0876367502970645,0.119477902565214,-0.00895524876703796,0.0887216575275199,-0.0126648072585312,-0.0472671593770358,-0.00425706174154906,0.0608204694092822,0.304454665213476,-0.0296156685562828,-0.0648375445491911,-0.162377712631183,-0.0963151476051578,-0.0249573955284754,-0.117245340102287,0.0203282606388709,-0.104918630249697,0.096446676034434,0.0170068545490225,0.0797936405122149,0.102676886826437,0.225090405417102,0.298351201222021,0.120468276162728,-0.092453856929121,-0.0657727287455502,0.0321285999860601,0.115577504777807,-0.0626270951561402,-0.137846207313151,-0.245211166092336,-0.158278763436746,-0.0358985405012229,0.0856240088595076,0.0340595863326929
"10",0.27141499809568,0.301361774983352,0.0266834663807489,0.10369192577937,0.00704996088226383,-0.0921318083628224,0.137790331712836,0.0709581066293012,0.350827934483125,1,0.0536669770268793,-0.0349030635097371,-0.165514306695121,0.032708608103078,-0.0324860788766101,0.0809559660995622,0.249880934342453,0.0363326870266349,0.17233070077631,0.297919764789839,-0.0273978393586048,0.101822574122788,-0.0766923730814511,0.0574610065964834,-0.0569191985153775,-0.078559547173358,-0.0843650040497478,0.0276755266723915,-0.0537210336120446,0.106955179246725,0.258429011320529,0.380668335161023,0.162145136434199,-0.0457223615601875,-0.124682331533219,-0.0785616779819684,-0.0907243310777282,-0.034082343528093,-0.135447921492112,0.0422503982494448,-0.0751681395971496,-0.0382588416233082,0.154851097919382,0.216780282295346,0.106768501583681,0.274431189911588,-0.0576535845454252,0.0119361837635719,-0.255806643106498,-0.0832831381452716,-0.0102449442885416,-0.0270433821423369,-0.214404313441607,-0.202730617165568,-0.0819567692482851,-0.111009982994983,0.0791918692762422,-0.0378525762463707
"11",0.156070424130235,0.0110724667895764,0.138048450239366,0.0955735058935841,0.234002163394975,0.0638223279865589,0.0729723091781808,-0.199739459493045,0.0836773254267484,0.0536669770268793,1,0.224163606589578,0.0402895533801797,0.162401190666077,0.0166284864557822,-0.0688523783023274,0.0441255667186078,-0.0271481577710167,-0.0744166083571018,0.0287691537213543,-0.0298124044330253,0.0577532760043928,-0.103356176964946,0.0802449125145388,-0.0547182624366392,0.0509469471542618,-0.037623174372865,0.0318910704890123,-0.031232487595583,0.0299101028670402,-0.0151650497729547,0.0418441324278438,0.209803276662823,0.141697262131388,-0.0955112356770396,-0.248518493761639,0.0503519235627613,-0.0268536669285164,0.133039750049803,0.115311782523931,0.0823461859010134,-0.0936475687813511,0.0410847483573867,-0.0533973658396699,-0.110240676168514,0.0512997121797508,-0.141496860720759,0.0338694665409242,0.0152679239721831,0.0542142221719773,0.274661018249547,0.203761704704462,-0.0163154050034488,0.050475900518078,-0.0771511077826416,0.0244160730747195,0.0301927432183582,-0.0502160359851097
"12",0.107474542716276,0.0964157662191943,0.257388194393879,0.246256449293541,0.105987545693208,-0.0455041176591186,0.154252352672992,-0.0470417909619953,0.0881287477484982,-0.0349030635097371,0.224163606589578,1,0.0158611526357127,0.141653161848871,-0.0919659245519049,0.206075487984521,0.0996870370010262,0.125963198601082,-0.13739645563212,0.134435401319567,0.0694963472931891,-0.0834136279286602,0.170564801701917,0.0606485160499825,0.0536112863695087,0.315319493502544,-0.173081615037913,0.212112839940566,0.143659678172074,0.0389443388353999,0.0229809518338682,-0.152714335006622,0.221075124833398,0.255704194013662,-0.0186628265127124,0.0309757856137408,0.0490956139316414,0.121151966234899,0.132366042720569,0.122069752973002,-0.0489959390719972,0.0356933152398548,0.0266318978830957,-0.0226179788865957,-0.12662595664752,-0.173771960589848,-0.201928539506762,-0.0646807449723814,0.0666313289311772,0.045601400850297,0.0284699397309651,0.15461533295801,0.0436424946043653,0.0522980188195128,-0.0595266754853847,0.0174577365943382,0.0188709690775909,-0.0902622462945043
"13",0.0454023558315747,0.0564695969378356,0.0209839596373168,-0.0167596511754982,0.0689169402948734,0.0359210618054812,-0.199507328785057,-0.0487654411414622,-0.0597682792645829,-0.165514306695121,0.0402895533801798,0.0158611526357127,1,-0.0703529665218364,-0.0495883891076732,-0.079442221746044,0.141082816411129,-0.0133786826160911,-0.0500949861405858,-0.0252330693312863,-0.128143149435517,-0.00918109434563809,-0.0173353718605858,0.00386501788322733,0.0467730820045176,-0.0318336435322665,0.102209572405391,-0.0245758393195586,-0.139034615075621,-0.0313040392223017,0.00568708843645029,0.0231184730639182,0.153319122827509,0.0519858311867887,0.0358880546135241,0.108047707999713,0.072144175043144,0.0307992801769705,0.043236595677556,0.193691063359058,0.126814347244997,0.0981269559741816,-0.00371146540989242,-0.106209540010959,-0.0449939325999613,-0.00286327059994236,0.147073277949037,0.123645812222977,0.543228217048457,0.0734303141417516,0.0423994032532251,0.00968030129296937,-0.00681619962155065,-0.0861990255620308,0.264313447344144,0.216022210884248,-0.045927021967498,-0.21303209385889
"14",-0.00169523476786144,-0.00969824417271484,-0.0579254530898419,0.028372373344571,-0.0841352950361021,-0.158879736445066,0.0354807003474161,0.135721020827513,0.0112356650335259,0.032708608103078,0.162401190666077,0.141653161848871,-0.0703529665218364,1,0.0312061346542587,-0.0490202770837257,0.0875992375960545,0.384693890383611,0.137686137774715,0.169426512377502,0.050269378606898,-0.0824497224582833,0.0386312179164625,0.0162429092207381,-0.0663927008039316,0.215138527057869,-0.0273263723050074,-0.0667578131978714,0.101943271073723,-0.0232016025717438,0.110515302591915,0.0830632362617261,0.268863105358548,0.20003068428459,0.037213963231426,-0.089116047080795,0.260572759318038,0.186801727593225,0.114935443806261,0.155114701776758,0.141000654713279,0.0182846995280231,0.108505007395828,-0.107547156315679,-0.173905026408714,-0.196809620017326,-0.0132717238836435,-0.114306798774124,0.226925559721912,0.597029707129812,-0.0642804520458673,-0.00611728809981021,0.260251678903732,0.028491394352869,0.0214838025811654,-0.0453839620925366,-0.028663580257352,0.0565315616726408
"15",0.179322544970346,0.0906315942238026,0.131054902544013,0.13971752645967,0.0349589100491226,-0.0282839926428253,0.0404574538330703,0.00723195699911959,0.0458884257316309,-0.0324860788766101,0.0166284864557822,-0.0919659245519049,-0.0495883891076732,0.0312061346542587,1,-0.096729738624132,-0.0183864928070896,0.0974360094930308,-0.0210467515133212,0.125494691116258,-0.151939097591859,-0.147281763890122,0.169571875270555,0.107198931214598,-0.133564615692689,-0.105312915774716,0.114760195993832,-0.0183880984303223,-0.0760495893924323,-0.0120433195784878,0.129694655327664,0.165321228659267,-0.100810379357165,0.162909401689148,-0.207261213335415,-0.0582725776338304,-0.0569045543668786,0.0725920848663249,0.100366782695185,0.155256578893096,0.0982274147826711,0.198803924760014,-0.0512000534964725,0.151781288496803,0.0854784593152033,-0.0116475199279184,0.193722132790306,-0.168503371735221,0.0161837331734927,-0.0794963695704192,0.30232249458959,0.0838171655047317,-0.109454846172931,-0.00728845068725431,0.188530050501645,-0.0703933927720689,-0.0741021904811613,-0.0184336489076137
"16",-0.0280429607661187,-0.0375326246705776,0.127779207025598,0.0544137146681984,-0.148017643530368,0.00910889327601848,0.0116815363695437,-0.160623758598413,-0.0172741214923787,0.0809559660995622,-0.0688523783023274,0.206075487984521,-0.079442221746044,-0.0490202770837257,-0.096729738624132,1,-0.0449945417989133,-0.00821765125638451,-0.0447613619914983,-0.0589174595683513,-0.0526451316792105,-0.154910569870954,-0.0312874007472178,-0.0496827457926063,-0.0630407066908533,-0.147034011581065,-0.125480703248836,-0.0339776735627641,-0.0100488515667227,0.0849120940038654,-0.00759163653129056,-0.191349427457079,0.150437288048601,0.033329970223098,-0.183258168195258,-0.060007043551966,-0.0479292964160273,0.10479403725741,0.0138870402523238,0.0290195011460862,0.0143119595774736,-0.107014336523168,-0.192697538020463,-0.12964700605511,0.0966394267889506,-0.0124463693558686,0.105210751368157,0.0905123118385776,-0.13452401242194,-0.0712235385343667,-0.0552620055105731,-0.0391430325007351,0.00886469111717911,-0.078102433035491,-0.0799955631425569,0.0367061023990691,-0.0709088891375519,-0.11455873082939
"17",0.11640032615774,0.0412771540508396,-0.0573710943520434,-0.103406464931099,0.0943637298788855,-0.266203453174067,0.0080810577686348,0.00966636851908958,0.0181096022933801,0.249880934342453,0.0441255667186078,0.0996870370010262,0.141082816411129,0.0875992375960545,-0.0183864928070896,-0.0449945417989133,1,0.113944764781508,0.175850830799172,0.160242906853128,-0.0697437902013988,0.1080811367001,-0.0583060545435063,-0.114634194171812,-0.0368685079771804,-0.0326266973795584,0.0808377058804078,0.250701084284772,-0.0420146016513415,0.038903435457114,0.154768723563359,0.0893299572121413,0.158537931193709,0.0296746522101839,0.00686956594143323,-0.0577280701860012,0.0557845571866688,0.0156818297143607,0.0816335798823118,0.0405004678936301,0.0875486647408833,0.117718576755289,0.0284712714649291,-0.0311416347233966,-0.0271230841641422,-0.0686992572306071,-0.0460514810125785,-0.0262346616105755,0.132371825380729,-0.0250906086574989,-0.00342206471041686,0.0259279424499526,-0.0879572383984915,-0.108852726511488,0.154715311773629,-0.0426626020895189,0.00156319156439203,-0.0174741380344917
"18",0.0954357023038375,-0.0247687862964348,0.0214695080447965,-0.0683114734692396,0.0685190776930304,0.045924089440144,-0.0688293109391628,0.179123161563223,0.00510485796083054,0.0363326870266349,-0.0271481577710167,0.125963198601082,-0.0133786826160911,0.384693890383611,0.0974360094930308,-0.00821765125638451,0.113944764781508,1,-0.0854475708432425,-0.0676940487343061,0.247946755880481,-0.0171227904826045,0.139004218467671,-0.105129564410277,-0.0237174383437525,0.0721838693747374,-0.0792365892004768,0.021687402780428,0.119436438398198,-0.0563499413942617,-0.177083581857121,0.0429007283684678,0.109952368832835,0.0918767057419121,0.00733619080704065,0.0180065498744107,0.127580145750794,0.110132692380269,0.301494488252529,0.265009359334941,0.105117758167605,0.0272482687808099,0.0261666489113658,0.0421713017650861,-0.172306296574207,-0.198178680364781,-0.0345075803489467,-0.166905981817633,0.0468406372401917,0.43776353963675,0.0488115054301578,0.0865262292011453,0.128235302271655,-0.0147265518446479,-0.00634961392681939,-0.0786594560430053,-0.108691974049504,-0.00806154403496934
"19",-0.132473946081369,-0.098098575754796,-0.103400113625971,0.116960630222246,-0.0953126227406546,-0.190986333948193,-0.152972517157921,0.0109091896612939,-0.0269022577625966,0.17233070077631,-0.0744166083571018,-0.13739645563212,-0.0500949861405858,0.137686137774715,-0.0210467515133212,-0.0447613619914983,0.175850830799172,-0.0854475708432424,1,0.0197005890090541,0.047391745177638,0.0531949351586471,-0.104782521760837,-0.141380217653537,-0.109669023889803,0.156389919406998,-0.203491999543373,0.117931846363359,-0.0403337357753089,0.135739885660984,0.346843624781971,0.0924832009450635,0.0206926740418936,-0.253109680329561,0.0806619913652212,-0.074445087692554,0.0653008845952985,0.0305145374331828,-0.0873219502520019,-0.183848736461554,0.0232232830371708,0.0483898016586611,0.00313716568787166,0.265488262700358,0.197092787011373,0.103764925798191,0.143337886534426,-0.0367350463724756,-0.040580072600206,0.119400982986437,-0.134300892824608,-0.0996941652118102,0.0744400133713638,0.00661401205581554,0.0244539518786698,0.00010297012679311,-0.00034326143131817,0.106514392346259
"20",0.166434430467795,0.179964978537651,0.0701686249237922,0.14285626348812,0.0529897290981488,-0.0454969104467098,0.220948524029108,0.0551224837353496,0.178248195802882,0.297919764789839,0.0287691537213543,0.134435401319567,-0.0252330693312863,0.169426512377502,0.125494691116258,-0.0589174595683513,0.160242906853128,-0.0676940487343061,0.0197005890090541,1,0.00141476525128958,0.131834226404904,0.071441748482364,0.042781703780025,-0.133094431671991,0.105850241278022,0.0745423728040996,0.0605568505182261,-0.0312106412408375,0.0560601529629668,0.140069672643111,0.163702647487877,0.133753075939417,0.0383759529913658,-0.00563516131655345,-0.0521539032572504,0.0364576573179407,-0.0664746378825513,-0.172309591655412,0.0636160772560017,-0.085391952287871,-0.0873533719944111,0.134422084105676,-0.0551483820220132,0.0913034566943706,0.120615214974617,-0.0643676080062865,-0.130367381439917,0.0617768948394615,0.0214625134793469,-0.0507177892863828,-0.0289554228135391,-0.215188955185048,-0.141622510129593,0.0656292802345262,-0.0513820883727344,0.0620575752467237,-0.00457391955011505
"21",-0.141259646514451,0.0923424709177427,0.0202675772243599,-0.0258500049998353,-0.0559304582977233,0.180628762556053,0.0790132278455263,0.127197953603774,-0.014186124623423,-0.0273978393586048,-0.0298124044330253,0.0694963472931891,-0.128143149435517,0.050269378606898,-0.151939097591859,-0.0526451316792105,-0.0697437902013988,0.247946755880481,0.047391745177638,0.00141476525128958,1,0.0194271746093824,-0.0444886614586005,-0.0488747333214904,0.127507527274262,0.0101169110775764,-0.0402623928619175,0.0393805937242068,0.0852367022580209,-0.155524833881746,-0.132512812633389,-0.137431836065504,0.092902166863246,0.0738840008935913,0.155850041932116,0.0717337440114607,0.0642573790026637,-0.193032694944044,0.0415193629099053,0.103078379800912,-0.136527597893614,-0.235758796892716,0.0852877336783254,-0.0349128095190054,-0.135962800081949,-0.128938401494514,-0.241647314361641,-0.181282590040661,0.0348957251392534,0.0145389219816866,0.038951108829543,0.0331104167294406,0.121280384260551,0.130957990384566,-0.072899872762578,-0.11146910109064,0.0224289260574064,-0.0688013731474332
"22",0.118860181980843,0.124145840900712,-0.0656469905116786,-0.187934768795692,-0.0382911634927718,-0.0368002431404058,-0.0691253752048163,0.0493574030941527,0.172347950672999,0.101822574122788,0.0577532760043928,-0.0834136279286602,-0.00918109434563809,-0.0824497224582833,-0.147281763890122,-0.154910569870954,0.1080811367001,-0.0171227904826045,0.0531949351586471,0.131834226404904,0.0194271746093824,1,-0.0718367401699265,-0.0157649678351571,0.152615475118455,0.0174444152434496,0.027977156711135,0.0405263206689085,-0.0343410464708676,0.0913675718842846,0.0262572268403517,-0.0454484142721894,-0.131850631685082,-0.0251493978345486,-0.00960798434794905,-0.0572256113142507,-0.0984706046780663,0.116351461130699,0.142974700278076,-0.0693103674517696,0.0515109166979169,0.0510742733483756,-0.0151768035405663,-0.107897081374737,-0.016127452894842,0.138995603327302,-0.0637275336917661,-0.0388083172398328,0.0675387322801705,-0.0339763577927368,-0.0289913648591832,-0.220522091082175,-0.141312687716505,-0.151258111929786,0.0224778820971039,-0.0431955538218648,0.119844364410228,-0.0270987060074983
"23",-0.06336261537931,0.0211602578800585,0.23657248479775,0.0744274221458186,0.0711496137309788,0.0028366332635565,0.174461702576486,-0.0330284124389539,-0.0281095876642533,-0.0766923730814511,-0.103356176964946,0.170564801701917,-0.0173353718605858,0.0386312179164625,0.169571875270555,-0.0312874007472178,-0.0583060545435063,0.139004218467671,-0.104782521760837,0.071441748482364,-0.0444886614586005,-0.0718367401699265,1,0.237710098074502,0.0677121544788953,0.157729942530816,-0.182286049436229,0.0239882655171584,0.110514793713391,0.0115379186640348,0.0022256694299733,-0.0279375708057171,-0.0606352116563052,0.25020304443836,0.0650891659112257,-0.0313328241809003,0.0909361903720383,0.146491920851016,0.129455177830125,0.144196934008218,0.0970851980405732,0.151933789505441,0.116558905583942,0.118508985195226,0.00082011506568164,-0.211067183798487,-0.0116707926937094,-0.0619238307701634,0.0520248262790341,0.165470511256734,-0.0183932122499822,0.0666781890450891,0.0859580061109479,0.0582944701493995,0.0479374203328701,-0.0314108960825492,0.109546629646122,0.0360704289711968
"24",0.115705722330181,0.203508814564761,0.191262496146422,0.0292236446440977,0.0042272145824004,0.0458412345217109,0.14850696445534,0.0359121633029482,0.0876367502970645,0.0574610065964834,0.0802449125145388,0.0606485160499825,0.00386501788322733,0.0162429092207381,0.107198931214598,-0.0496827457926063,-0.114634194171812,-0.105129564410277,-0.141380217653537,0.042781703780025,-0.0488747333214904,-0.0157649678351571,0.237710098074502,1,0.0522906797548834,0.147374871388736,-0.120189993706344,-0.148816352260447,0.104428347219672,-0.141769432534447,0.0552479219660962,-0.0372406353444959,0.0482436146678862,0.0718434262925657,0.00667065630660262,-0.0244726728357926,0.0895037126961007,0.125209632804781,-0.0470552594634973,0.155522450661794,-0.123529547381334,-0.0879082566964678,0.00228375820589334,0.0120805947418312,-0.0643932875103544,-0.108572552129604,0.0443047749853465,-0.0675652244559346,-0.0460752566809015,-0.044349814503665,0.11706597577422,0.124802630253468,-0.00994745048080316,-0.00245661911409467,0.0215249221144743,-0.00181072450829899,0.0778595411078244,0.0169783059750515
"25",-0.0191734972820063,0.146137966101757,0.0784433761302301,0.04285267340062,0.0012181955917517,0.0483916381026948,-0.0258266987622115,0.00146588046293677,0.119477902565214,-0.0569191985153775,-0.0547182624366392,0.0536112863695087,0.0467730820045176,-0.0663927008039316,-0.133564615692689,-0.0630407066908533,-0.0368685079771804,-0.0237174383437525,-0.109669023889803,-0.133094431671991,0.127507527274262,0.152615475118455,0.0677121544788953,0.0522906797548834,1,-0.0417011821413489,0.134484829393892,0.174236345307548,0.201508264362359,0.110136499929838,-0.10739994661505,-0.0202143340548118,-0.14287378393541,0.165606966010264,0.0743350524649227,0.0905308876348792,0.0845506746835289,0.0380285037059229,0.222530743687355,0.0660060814302997,-0.222912454783466,-0.103843087280812,-0.152469562693211,-0.116316417327002,-0.243246317295163,-0.0896306416136226,-0.0624528104794594,0.0906693740252108,-0.0258345379870285,-0.0878072576163293,-0.0799797383277461,-0.197040893486095,0.0936410383006661,0.046138955811883,0.0011820857590343,0.00311849202538035,-0.0510183791218503,0.12901895111994
"26",-0.0735067606434422,0.0345374322905386,0.0574603806942572,0.079492272701704,0.0591170934229052,0.148910720349617,0.121302293497591,-0.0371734959707588,-0.00895524876703796,-0.078559547173358,0.0509469471542618,0.315319493502544,-0.0318336435322665,0.215138527057869,-0.105312915774716,-0.147034011581065,-0.0326266973795584,0.0721838693747374,0.156389919406998,0.105850241278022,0.0101169110775764,0.0174444152434496,0.157729942530816,0.147374871388736,-0.0417011821413489,1,-0.110190699330329,0.0553045161014905,0.131656432873531,-0.128241152515341,-0.0584670848051928,-0.0133087648819289,0.0886729497268845,0.0620061327514246,0.110501821860017,0.0204893846977135,0.17456926971116,0.263809769368067,0.0839196508268962,0.0643637188567397,-0.101943044629101,0.0216270683538181,0.111201885190332,0.102810913166322,-0.308153049170203,-0.283461301107751,-0.0761168645219377,-0.146130693437541,0.00996303785503429,0.248648918491377,0.0183101854159212,0.233461741989694,0.10166161509988,0.138091171810292,0.0612390988386793,-0.0516354442470627,0.0309918295617905,0.0606467965700102
"27",0.154720595485363,0.113988869092002,-0.103722328892248,-0.0961367025709089,0.00426240614620653,0.0801927358501485,0.0918579234864557,-0.00128029067383074,0.08872165752752,-0.0843650040497478,-0.037623174372865,-0.173081615037913,0.102209572405391,-0.0273263723050074,0.114760195993832,-0.125480703248836,0.0808377058804078,-0.0792365892004768,-0.203491999543373,0.0745423728040996,-0.0402623928619175,0.027977156711135,-0.182286049436229,-0.120189993706344,0.134484829393892,-0.110190699330329,1,0.085150313470844,0.06809930033149,-0.13867140725998,-0.180002213751516,0.0660188546527736,-0.0986145118861554,0.113432829878665,0.00528362684163024,-0.124788943347191,-0.135053758573219,-0.178871166678826,-0.0523522723284868,-0.0807297216803227,-0.0867509853236005,0.00237474760590502,0.0825403719365408,-0.0775793732443431,-0.051978047795308,0.00262953739061686,0.0375672712322364,-0.0479696326899971,0.0799806318317505,-0.073100736014333,0.0473724220343607,-0.051861169345758,-0.143124337834291,0.0621852888271727,0.0468209316085697,0.279238615024498,0.0181382566586233,-0.0470359082070185
"28",-0.0366183435369467,0.113394053516704,0.0335049022045569,0.0244113958216118,0.0841246413622407,0.0393749649397735,0.0342614175833983,0.0228247460723639,-0.0126648072585312,0.0276755266723915,0.0318910704890123,0.212112839940566,-0.0245758393195586,-0.0667578131978714,-0.0183880984303223,-0.0339776735627641,0.250701084284772,0.021687402780428,0.117931846363359,0.0605568505182261,0.0393805937242068,0.0405263206689085,0.0239882655171584,-0.148816352260447,0.174236345307548,0.0553045161014905,0.085150313470844,1,0.104698986372427,0.0372650456489293,0.0949117778691432,-0.0149132377095152,0.00703502390907472,-0.0907813368307742,0.10760587015853,-0.0197751169880158,-0.00187467391083832,0.0496497169174218,0.133806911960273,-0.107310873836542,-0.049401154159251,0.0888338268228973,0.0619585019177265,-0.0070734596649594,-0.0517905213794059,-0.0711392630826376,-0.13776712301858,-0.0155190613541669,-0.123515333557355,0.0597712769049155,-0.119243070356564,-0.145757246054334,0.0119165368904498,0.0880475916193347,0.00081414544362135,-0.11958230761891,-0.0331816749530566,0.132262770386151
"29",-0.046524164839899,0.0659480535670863,0.00597273782976556,0.0553406403030832,-0.175960260535652,0.0516421138061884,-0.0189976828766196,0.135643289361381,-0.0472671593770358,-0.0537210336120446,-0.031232487595583,0.143659678172074,-0.139034615075621,0.101943271073723,-0.0760495893924323,-0.0100488515667227,-0.0420146016513415,0.119436438398198,-0.0403337357753089,-0.0312106412408375,0.0852367022580209,-0.0343410464708676,0.110514793713391,0.104428347219672,0.201508264362359,0.131656432873531,0.06809930033149,0.104698986372427,1,-0.146308278479481,-0.0232691205243367,-0.138292741990405,-0.0253098869263592,-0.0177067081803585,-0.00344713890179745,0.00560124848717755,-0.0958129155917919,0.0356949882682503,0.0301605816294515,0.0553880898154828,-0.155326776889172,-0.0996257456685814,-0.0585917797421689,-0.0448999208567181,-0.299017929675383,-0.271859441476633,-0.118480050898595,0.0247313154966405,0.00870800391636412,-0.0235026564181111,-0.0414995414900017,0.0357820147478581,-0.0373470472294334,0.0391086418815398,-0.05973093088415,0.0676854529820319,-0.0401422547616067,0.0250048306740537
"30",0.00165649292138401,-0.00788637920552673,0.0827836551869754,0.129721215790804,-0.0176558823146179,-0.150919834907729,0.0855447231533329,-0.028774743044663,-0.00425706174154906,0.106955179246725,0.0299101028670402,0.0389443388353999,-0.0313040392223017,-0.0232016025717438,-0.0120433195784878,0.0849120940038654,0.038903435457114,-0.0563499413942617,0.135739885660984,0.0560601529629668,-0.155524833881746,0.0913675718842846,0.0115379186640348,-0.141769432534447,0.110136499929838,-0.128241152515341,-0.13867140725998,0.0372650456489293,-0.146308278479481,1,0.23246267980388,-0.0733084904462785,-0.0472562520739525,0.0765932505366412,0.0823719247701545,-0.00132460738519884,0.117526021052724,0.120861511663738,0.0943997442356666,-0.0828650620220403,0.137631136652789,0.209139019866273,0.0304715914588705,0.0893524699889715,0.135654663305783,0.102141341656154,0.0896317350035447,0.116676849214365,0.0189917363495926,0.0546169264358079,-0.144229778790937,-0.229720665734592,-0.0472404349188594,-0.134114686198228,-0.0425263781074639,-0.0492345250307014,0.0690446478390118,0.092359461320793
"31",0.158816555934081,0.130956501980458,-0.00260303057130566,0.113920905804192,-0.0918329116178395,-0.245331090888268,0.167109805945036,0.0665201192577727,0.0608204694092822,0.258429011320529,-0.0151650497729547,0.0229809518338682,0.00568708843645029,0.110515302591915,0.129694655327664,-0.00759163653129056,0.154768723563359,-0.177083581857121,0.346843624781971,0.140069672643111,-0.132512812633389,0.0262572268403517,0.0022256694299733,0.0552479219660962,-0.10739994661505,-0.0584670848051928,-0.180002213751516,0.0949117778691433,-0.0232691205243367,0.23246267980388,1,0.037931594324462,0.0175032356701113,0.164493666160924,0.128509987853536,0.0728644556738543,0.0258343497668283,0.0986980643082479,0.0467609677621863,0.043856086667925,0.221427171096149,0.100781349667285,0.0191916198709124,0.0417444820550712,0.102336798129666,0.0319720316204755,0.120976691912387,0.0508313263675319,0.0865570522302306,-0.00056198666872783,0.00440719718975942,-0.126626870554587,-0.0188014002582979,-0.0598759387518168,-0.0357415409437987,-0.0407472001630048,-0.0789505548000029,-0.0877233085487615
"32",0.172264693694991,0.148140575428721,0.102310699275651,-0.0709794683691565,0.12362757731585,-0.101483635754491,0.0614783025202743,0.182401705785535,0.304454665213476,0.380668335161023,0.0418441324278438,-0.152714335006622,0.0231184730639182,0.0830632362617261,0.165321228659267,-0.191349427457079,0.0893299572121412,0.0429007283684678,0.0924832009450635,0.163702647487877,-0.137431836065504,-0.0454484142721894,-0.0279375708057171,-0.0372406353444959,-0.0202143340548118,-0.0133087648819289,0.0660188546527736,-0.0149132377095152,-0.138292741990405,-0.0733084904462785,0.037931594324462,1,0.0693367841913382,0.0611320062177626,-0.0219926007541262,-0.130510792172542,-0.0154544531391396,-0.17046185957551,-0.142468904272987,0.0365614739392911,-0.00656159446466454,-0.0265789655043791,0.194181056687849,0.21689891791464,0.0661351843101523,0.199577601115453,0.0750632098482481,0.0131521401889065,-0.0310145087050351,0.146837037748829,0.139060263770489,-0.0184096059835339,0.068852776540594,0.0927806517512072,-0.0842334266282504,0.0349969824128169,-0.00094809982473417,-0.149547285364352
"33",0.123242185827804,0.142674468190629,-0.00042907410224604,-0.0588956968943474,0.0867256891375284,-0.00560633150672057,0.0464728332945451,-0.073135778607056,-0.0296156685562828,0.162145136434199,0.209803276662823,0.221075124833398,0.153319122827509,0.268863105358548,-0.100810379357165,0.150437288048601,0.158537931193709,0.109952368832835,0.0206926740418936,0.133753075939417,0.092902166863246,-0.131850631685082,-0.0606352116563052,0.0482436146678862,-0.14287378393541,0.0886729497268845,-0.0986145118861554,0.00703502390907472,-0.0253098869263592,-0.0472562520739525,0.0175032356701113,0.0693367841913382,1,0.0196356580935859,0.0180104923510509,-0.0256804607009755,0.173325638972165,0.0176553011949512,0.187370017974706,0.153509244432421,0.0982137354775742,-0.0403106060663243,0.072435089151469,-0.0365887896779471,0.00579930037242403,-0.0367625955817167,-0.0741312635841504,-0.0592036526885018,0.017002885061132,0.152310148661156,-0.00926685708884025,0.160694619242596,0.117954994449883,-0.00870398916790041,-0.0781953164886449,0.0948228657336814,-0.0353907141454482,-0.205295232964968
"34",0.170633232910042,0.202144645474694,0.241755044869108,0.0515906472450548,0.0192855174475789,0.0168775525842886,0.305320702391248,0.0595311095292624,-0.0648375445491911,-0.0457223615601875,0.141697262131388,0.255704194013662,0.0519858311867887,0.20003068428459,0.162909401689148,0.033329970223098,0.0296746522101839,0.0918767057419121,-0.253109680329561,0.0383759529913658,0.0738840008935913,-0.0251493978345486,0.25020304443836,0.0718434262925657,0.165606966010264,0.0620061327514246,0.113432829878665,-0.0907813368307742,-0.0177067081803585,0.0765932505366412,0.164493666160924,0.0611320062177625,0.0196356580935859,1,-0.00576497975108999,-0.145689979633575,0.0522132691733747,-0.0954951740833842,0.05916119803586,0.315847202301199,0.0751583870489589,-0.0539729198464408,0.165508001221704,0.061671432424751,-0.236210421854378,-0.174280393955916,-0.0159521396719891,0.00281911147919689,0.106889940769703,0.138544690368486,0.244598660829428,0.243849543156954,0.0869608802178299,0.0292967271372121,0.136278056540796,0.0949989410089048,-0.00349456812973169,-0.124700229505963
"35",0.0284032365035152,0.0361284357938229,-0.132557562828488,-0.202094078518817,-0.00623487273608562,-0.0780427306839508,0.13273875107806,0.143842961777027,-0.162377712631183,-0.124682331533219,-0.0955112356770396,-0.0186628265127124,0.0358880546135241,0.037213963231426,-0.207261213335415,-0.183258168195258,0.00686956594143323,0.00733619080704065,0.0806619913652212,-0.00563516131655345,0.155850041932116,-0.00960798434794906,0.0650891659112257,0.00667065630660262,0.0743350524649227,0.110501821860017,0.00528362684163024,0.10760587015853,-0.00344713890179745,0.0823719247701545,0.128509987853536,-0.0219926007541262,0.0180104923510509,-0.00576497975108999,1,0.294257919574254,0.288892307457796,0.0548868771970306,0.261501780852351,-0.0201016272683138,-0.0106317287076218,-0.0810288357478415,0.0198870670792412,-0.120816080713814,0.030911857169568,-0.124271292617929,-0.0641644610890634,-0.0253261080966931,0.0855461109997998,0.0413305312450162,-0.0234765171314019,-0.114958681797386,0.292343159276467,0.152785866839816,-0.127998107325292,0.071539083578394,-0.180086493785954,0.0215484677694115
