"","l_Insular.Cortex","r_Insular.Cortex","l_Amygdal.Area","r_Amygdal.Area","l_Bed.Nucleus.of.the.Stria.Terminalis","r_Bed.Nucleus.of.the.Stria.Terminalis","l_Hippocampus","r_Hippocampus","l_Orbitofrontal.cortex","r_Orbitofrontal.cortex","l_Entorhinal.Cortex","r_Entorhinal.Cortex","l_Frontal.Association.Cortex","r_Frontal.Association.Cortex","l_Globus.Pallidus","r_Globus.Pallidus","l_Glomerular.Layer.of.the.Accessory.Olfactory.Bulb","r_Glomerular.Layer.of.the.Accessory.Olfactory.Bulb","l_Glomerular.Layer.of.the.Olfactory.Bulb","r_Glomerular.Layer.of.the.Olfactory.Bulb","l_Granule.Cell.Level.of.the.Cerebellum","r_Granule.Cell.Level.of.the.Cerebellum","l_Hypothalamic.Region","r_Hypothalamic.Region","l_Entorhinal.Cortex","r_Entorhinal.Cortex","l_Vermix.Molecular.Layer.of.the.Cerebellum","r_Vermix.Molecular.Layer.of.the.Cerebellum","l_Lateral.Molecular.Layer.of.the.Cerebellum","r_Lateral.Molecular.Layer.of.the.Cerebellum","l_Anterior.Olfactory.Bulb","r_Anterior.Olfactory.Bulb","l_Posterior.Olfactory.Bulb","r_Posterior.Olfactory.Bulb","l_Subiculum","r_Subiculum","l_Perirhinal.Area","r_Perirhinal.Area","l_PreLimbic.System","r_PreLimbic.System","l_Primary.Cingular.Cortex","r_Primary.Cingular.Cortex","l_Primary.Motor.Cortex","r_Primary.Motor.Cortex","l_Retrosplenial.Cortex","r_Retrosplenial.Cortex","l_Secondary.Cingular.Cortex","r_Secondary.Cingular.Cortex","l_Secondary.Motor.Cortex","r_Secondary.Motor.Cortex","l_Striatum","r_Striatum","l_Ventral.Tegmental.Area","r_Ventral.Tegmental.Area","l_Substantia.Nigra","r_Substantia.Nigra","l_Thalamus","r_Thalamus"
"1",1,0.151772384764294,0.15244389753772,0.0251266129919583,0.0573206270006053,-0.0102145844832175,0.0122423634949504,0.0794161840690216,0.0422672625152343,-0.090216370302667,0.1389601141848,0.0419565697525063,0.0362298520705868,-0.00481581180895648,0.0687231970452,-0.128645402608106,0.0221574847662464,0.0443343232781622,0.0564693533418465,0.108872860282876,-0.0635271677104501,-0.0813772189089741,-0.075834506143144,0.162550961253516,0.129617945740684,0.102056394090563,-0.021041051604877,0.103394252448311,-0.113402807261666,-0.0431229147879078,-0.00510028248900194,0.111292199527378,-0.0133249444325179,0.223809761059079,0.0422491524989739,0.174766181393031,-0.337508659912353,0.0295543371840208,-0.00650043146121461,0.0968330871057096,0.234586811519765,-0.0220657650818043,0.108020451303483,-0.0851097958377006,0.02197255994299,0.0978756528926417,0.0741758354905694,0.0345863122769429,-0.097773133917768,0.00056354613904724,0.00136134439247824,0.184295052400404,-0.132112058925666,-0.127684467542026,-0.0228841650622964,-0.0487665058175659,0.0576351098120922,0.069337840869081
"2",0.151772384764294,1,0.0640875606704091,0.13235515215018,0.0518658063177498,0.108194943438647,0.121568579402352,0.170434538261813,0.0127505551342724,0.0747621643783416,0.046229262026849,0.0836626136535756,-0.106946093737864,0.10570597230093,0.0248879244633249,0.0398576399207264,0.126303330120519,0.00906605362337913,-0.0346626288004142,0.149247277071126,0.144795362549627,-0.0516402330030008,-0.101652962190289,0.119613068293426,-0.12499934922341,0.0404968548480976,-0.0157863572715431,0.183026944803548,0.00498329935307394,0.031449114113784,0.0610252514022322,0.212733226498279,0.0467651059175083,-0.0281954936709685,0.111017674841914,-0.21242139439492,-0.0188085880544361,-0.0509150891910872,-0.0832257630316983,0.17536725016644,-0.116693188158847,0.0173251026401116,0.0708876459370351,0.121820109557093,-0.066925080975205,0.0940980509068004,0.0206012828344147,-0.0539931052858984,0.0188089488095343,-0.0292153115529428,0.0475462909315296,0.247167822229604,0.0868884972661262,0.163553148836247,-0.0535387048281204,0.00830040925687207,0.0370861757520782,0.190902428966632
"3",0.15244389753772,0.0640875606704091,1,-0.12251572804791,0.0334325161009408,0.00838773466484334,-0.0254836421297098,-0.0111369390797967,0.0179352488814158,0.108287149088699,0.0316345492599911,0.180234075711726,0.03540412843334,0.0871430115088298,-0.0339695082613507,-0.00036084477266261,0.0381414247475683,0.0682265599353047,-0.139752781830377,-0.121407599835599,0.0433985195083162,0.0130917288455467,-0.0700476053008035,-0.0665166021265912,0.0558102409359281,0.0045512711206499,-0.00842715807716877,0.0325593296343943,-0.103386291692127,-0.0155098808182492,-0.0471402816199461,-0.147900964354316,-0.078174415050184,-0.153424886295576,-0.110136776916448,0.0804793935188308,-0.227987251578571,0.00049911980590193,0.0708775729335297,0.0725223544573621,0.0532648071953678,-0.0189654091986069,0.0347207415250844,-0.0502773580878315,-0.117930051160349,-0.0835202000934691,-0.0788999265799303,0.0259331171119677,0.0320154220133839,0.126011178631556,-0.00084933705412486,0.011973722553942,-0.121749815771262,-0.302711811596273,-0.118302546624795,-0.0165361623346461,-0.0304919892479207,-0.0417913338265617
"4",0.0251266129919583,0.13235515215018,-0.12251572804791,1,0.0754713264863399,-0.0921641677869158,0.193762505822906,0.0845136683051831,-0.033593968662857,-0.142125398913482,0.0473663920262429,0.206101380661316,0.0162946079116371,0.129497605795926,0.0186896696799388,-0.154447681195262,0.0311975233763599,-0.0516445344536898,-0.022291511694915,-0.0937005379565675,0.128162327980785,0.0324943266626008,-0.0742730969525922,-0.163903899112917,0.08410428477987,0.0387577623083945,0.180354363739007,0.149593668426111,-0.058776542334069,0.139219402229764,-0.0471109158776119,0.0607134903602698,0.0530760164180238,0.0817029428568297,0.124022216693875,-0.121151430370223,0.117564099282851,0.0094560763622552,-0.00748823096403221,0.00703519761294262,-0.152466035848053,-0.0724526516239633,-0.221072573983152,-0.0438803079447325,0.131778783960901,0.0846989709659262,-0.0448374906957264,-0.0482756153730565,-0.0193357863668304,-0.0622634613392374,-0.129466502445836,0.010272777260217,0.269109186071585,0.218306580745173,-0.011626115855442,0.289539619979549,0.0783103092289685,0.103947521652413
"5",0.0573206270006053,0.0518658063177498,0.0334325161009408,0.0754713264863399,1,-0.114868551375314,0.199291930719833,0.0401010920734735,0.00522257655509907,-0.228359093544284,0.112433675393672,0.0862985659244928,0.167941364072194,-0.0367575809968314,0.233457561639266,0.192303815736303,0.0943431662831818,0.0749364517024724,-0.0166874515335261,0.141782543183283,0.0959892167815944,0.1861939487051,0.0609332884122299,-0.108224299143794,0.191531104497357,-0.00890345192895528,0.0744077663676469,-0.0450372733993696,-0.035121225902836,0.00937477848535482,-0.157501315810032,0.0175347892505587,-0.119920929151977,-0.0239717595456088,0.0487902329256107,-0.234368304442972,-0.0227399891589176,0.0863905331459734,0.0399905724824056,0.0752748627751058,0.076812225705424,-0.112819278491108,0.014458089970021,0.0198339484676775,0.0716005868390912,0.132734697452987,-0.0306359631220668,0.142252829439852,0.06326892734503,0.0202644205845591,0.0500013519170302,0.167725273846705,0.185275614478364,0.135397002658671,0.138292167379908,0.0657168617849599,0.0721203360259541,0.0207203029786989
"6",-0.0102145844832175,0.108194943438647,0.00838773466484334,-0.0921641677869158,-0.114868551375314,1,-0.0486080667506661,-0.0251234955588251,0.0226612996985675,0.0672745442333027,-0.0959364271414357,0.144646619227787,-0.111285361881599,0.0010945629041459,0.108743911343584,-0.0421291705779219,0.0642518159820718,-0.130341778565439,-0.0557207036174226,-0.0655697399347675,0.044297308250305,-0.05462727447338,-0.0613566975997253,0.0729132618762763,-0.193829209609721,-0.0318463142606526,-0.244314068881362,-0.0187356278394322,0.101372784395636,0.231458283945056,-0.0480199092558712,-0.0657464125695446,0.0830434689554369,0.0089569595949585,0.0769981054774373,0.103170833501924,-0.0149345317500446,-0.111712211056521,-0.00785059530419345,0.00405949432343116,0.0904553629546101,0.0663487168749305,-0.0257168120512375,0.0116602049289981,-0.100621765292944,-0.0708207411842679,0.0312290044908766,0.0025073082257887,0.0782247729610201,-0.0198149227691445,-0.0744907287506018,-0.0231795785829896,-0.209355584605322,-0.149337400214638,-0.0626135030480944,-0.165169026631466,0.0399507032587316,0.0778882311867732
"7",0.0122423634949504,0.121568579402352,-0.0254836421297098,0.193762505822906,0.199291930719833,-0.0486080667506661,1,0.309680064239193,-0.0878176431615898,0.00489465555075761,0.00952677979142575,0.0935169455377786,0.127825117817578,-0.11640112987666,0.106274743660883,-0.0922017448344239,-0.0146062752827265,0.00336919699306078,0.161929368193332,0.082307423763599,0.0604091002105379,0.0373683156932409,-0.0601825898395213,-0.0170927808702564,0.107766284301716,0.171687692077397,0.133970084439556,0.0579312617508796,0.0582232250310133,0.0985446139045562,0.0838274841411827,0.041824790083015,-0.0574795894070187,-0.29199782279834,0.337587347332606,-0.0720596713223149,-0.0170962647512931,-0.0347045936780693,-0.0246953211484759,-0.00452525747325836,-0.0550370116731136,-0.103151080711358,-0.0213264754981967,0.0725382024665677,0.0432529751335122,0.176544887639274,-0.00598368977063817,-0.022524214479605,-0.00029023451387116,-0.0743273314987028,0.0987043552890707,-0.00607354363271909,0.0593638067796641,-0.0588384947716594,-0.0289506990171798,0.13074357103596,0.267722723830161,0.163188237584649
"8",0.0794161840690216,0.170434538261813,-0.0111369390797967,0.0845136683051831,0.0401010920734735,-0.0251234955588251,0.309680064239193,1,0.101575913809078,0.0370481265115574,0.0652151813959606,-0.0232587148290321,-0.0176083081102149,-0.133286111749306,0.00428660660057643,-0.00536993170068335,-0.0866995496275392,-0.0270425492556052,0.100132552493152,-0.0849453243000448,0.158675341005309,-0.208689394991524,-0.0209226889948662,-0.023413986268302,-0.0431406101908365,0.0689607441241763,-0.0137400300263648,0.111976356500712,0.166638599703995,-0.0869506427633048,-0.0397074100831656,-0.02726647752011,-0.107697782139619,-0.223497959692803,0.188765598542136,0.197559630201231,-0.0361837262302167,-0.141613011310398,0.13874773949033,0.0644341631064677,0.0798633406159368,-0.112093753317427,0.00393628188612622,-0.0430591228216023,-0.162874405921571,0.0671449844931364,0.204896005670736,0.0762549771998949,0.0252370189010627,-0.119102212007455,0.104654904085559,0.0566586908493603,-0.0842472033422378,-0.0668265301806125,0.105560671804593,0.0291772294693435,0.0653353127260828,0.147342334972391
"9",0.0422672625152343,0.0127505551342724,0.0179352488814158,-0.033593968662857,0.00522257655509907,0.0226612996985675,-0.0878176431615898,0.101575913809078,1,0.0771875221173049,0.0979708481019387,-0.135890913761128,0.0614183218635307,0.142019197195063,-0.00289643988307317,0.0517792904410227,0.0599473664363128,0.141000186106136,-0.0448813264938956,0.0306311327780963,0.0929454538700196,0.0726146030828708,0.111110921059949,-0.090307613917352,0.0178518394889553,-0.265823625009182,-0.173890285553291,-0.0672552166507159,0.0103279022854196,0.147455472978578,-0.168908675670948,-0.106496756207283,-0.104266965018074,0.0838826041059697,0.128482186162261,0.0499265054512801,0.175415457429964,-0.0371931296708878,0.0878626609577273,-0.0761210903445884,0.1254453034253,0.0429223491846638,0.256157011582141,-0.0878139586533153,-0.0968760058523596,-0.0428400129146111,-0.104762069131049,0.0259051571901671,0.172341145203048,0.294742580278076,0.017105221087644,0.101143201881857,-0.0457331652762418,-0.0689938061037101,0.01839503116236,-0.281570219186862,-0.113882007381933,0.00191167331871176
"10",-0.090216370302667,0.0747621643783416,0.108287149088699,-0.142125398913482,-0.228359093544284,0.0672745442333027,0.00489465555075761,0.0370481265115574,0.0771875221173049,1,0.0506838308579251,-0.122589878474971,0.0184054292220721,0.277285729362029,0.147111958540364,-0.0513757516906088,-0.055878935611442,0.168592785795401,-0.0502168867062875,0.262215565109051,0.148920634200028,0.00896179077094045,-0.0261874433196641,0.13794922053855,-0.141237965636165,-0.129028292886988,0.0224694878202716,0.0331361975171975,0.127462804937456,-0.0836821873552504,-0.101325959163749,0.0723277675863374,-0.0688697232997279,0.0699182499606885,-0.0584956891381912,0.10536090322839,-0.149199662218991,0.0192665657025016,-0.0772636879031773,0.174127717501136,-0.0441862802337318,0.15567253142567,0.0288015462103255,0.0911795869722041,-0.216313322279543,-0.0463758676957175,0.0666149860438682,0.0197010812987582,0.104162690026173,0.129243210953276,0.118576640906271,0.0615108706610263,0.0908763156896068,0.0463865853699448,0.123757864119464,-0.0391205599214569,0.0701242126746225,0.0714550022053046
"11",0.1389601141848,0.046229262026849,0.0316345492599911,0.0473663920262429,0.112433675393672,-0.0959364271414357,0.00952677979142575,0.0652151813959606,0.0979708481019387,0.0506838308579251,1,0.0285727140410096,-0.0128427195406237,-0.0388876994299707,0.0115585676398128,0.0258893373454911,0.123022379443963,0.0644444721249684,0.00049335515756141,0.050935217006492,-0.00397931890481803,-0.0331397245633642,-0.123093971642643,-0.131687425447933,0.250360296183483,0.0943907531818987,-0.0495195816895345,-0.0110648846495514,-0.0271301531478918,0.121681433799001,-0.0813754945221972,-0.088199818310171,0.0339882242853176,0.213468656953107,-0.00039700521485345,0.0571658445285245,-0.0176099067733143,-0.00245526783557147,-0.201737041899752,0.0803384024133185,0.0712123241069934,-0.021762850550772,-0.154837145338493,-0.0648754791709884,0.124912151331981,0.142966036193749,-0.0210381626599017,0.136430302681481,-0.172889727765074,-0.0656148517145741,0.110592907061758,0.155688432936823,0.0366140454519143,-0.0922603896346012,-0.0286932206610048,0.0482529923763995,-0.097258137520239,0.210204471436508
"12",0.0419565697525063,0.0836626136535757,0.180234075711726,0.206101380661316,0.0862985659244928,0.144646619227787,0.0935169455377786,-0.0232587148290321,-0.135890913761128,-0.122589878474971,0.0285727140410096,1,-0.0735870015389091,0.0614383903764879,-0.0723653523928781,0.00406272202848386,0.135617892140375,-0.191820896544793,-0.0640481712726532,-0.163707962547592,0.231942630093013,0.0228744022942718,-0.0128999507777364,0.0434093623234522,0.00646512739239053,0.191497256307908,0.166113781802314,0.0745569299627687,0.0926200774311009,0.10862817332593,0.0409308534304916,-0.0917256459948065,0.236240728336559,0.0322513150313755,-0.0874264748822381,-0.0210571649359133,-0.126378330042434,0.0365891599797151,-0.0506567310756399,0.0138933885656138,0.0988456466104608,0.171895996785328,-0.126082954627927,0.00995646122053124,-0.123612492117567,0.16948482084467,0.0580488749350802,-0.146806838353648,-0.0190697868622237,-0.0430256786251336,-0.0144891983301894,0.0802655521727072,-0.0601652269786833,-0.143271009253531,0.0135748829063783,-0.0378130645934865,0.131665965766966,0.0974477551454454
"13",0.0362298520705868,-0.106946093737864,0.03540412843334,0.0162946079116371,0.167941364072194,-0.111285361881599,0.127825117817578,-0.0176083081102149,0.0614183218635307,0.0184054292220721,-0.0128427195406237,-0.0735870015389091,1,-0.11080247998296,0.0646418126392036,0.0792825425912916,0.065861735209716,0.0818074854573212,-0.0424217105023982,0.115686141958188,0.00845990248406295,-0.0269893583881511,-0.0677226059758409,-0.0981743112187739,0.0938818189939427,-0.123519551923676,0.179860213282579,0.0942269217826533,0.00163428691223841,-0.19497070705895,0.0433168209164385,0.00983552044505118,-0.0661334272469739,0.226764877058116,0.155341717231712,-0.0812041097265415,-0.0820530759205803,-0.147724257889757,-0.0112695846613159,-0.0485491383441753,0.0607895732977116,-0.126721284163322,-0.0892519370339128,-0.0670259312411991,0.0127103676075181,-0.0587196718895057,-0.0370535328312576,-0.0750336586481783,0.42886597138875,0.0865209967761484,0.0583943540699368,0.0833265126534365,0.0379905715178562,0.00387365823638313,0.181315495921704,0.104100143712415,0.0176114471942781,0.109353658067037
"14",-0.00481581180895648,0.10570597230093,0.0871430115088298,0.129497605795926,-0.0367575809968314,0.0010945629041459,-0.11640112987666,-0.133286111749306,0.142019197195063,0.277285729362029,-0.0388876994299707,0.0614383903764879,-0.11080247998296,1,0.131965144109298,-0.189063321666314,-0.0218840363473065,0.413461762900189,-0.0937708744518749,0.102929090831575,0.142833244307771,0.21356037704881,-0.130508213704079,0.0347866738371386,-0.195362434573657,-0.0198411996319269,-0.0644876630502015,-0.0242470590892937,0.0482210982190701,0.0872909172256835,-0.136853555518975,-0.00190999502384142,0.0657856181144467,-0.00904633828712968,-0.12562666296527,-0.139965934078617,-0.0197848195287066,0.00640558300558094,-0.0562284256066927,0.0481769179722373,-0.154163568097951,0.0790969614924938,-0.00343215847575294,0.262358314261112,-0.0352184095961527,-0.0460921438246144,-0.142361308880352,0.0539775601398087,0.00616115144468569,0.544040546264495,0.115476625177615,0.086989659883958,0.166720467030305,0.182562309674937,-0.0683424055777867,-0.0393413261496427,0.0226559794550033,0.00044951394151404
"15",0.0687231970452,0.0248879244633249,-0.0339695082613507,0.0186896696799388,0.233457561639266,0.108743911343584,0.106274743660883,0.00428660660057643,-0.00289643988307317,0.147111958540364,0.0115585676398128,-0.0723653523928781,0.0646418126392036,0.131965144109299,1,-0.00896810541238309,-0.19895524652122,0.131132979940417,0.108956833899485,0.099560485093814,0.123846574196508,0.223793463316764,0.0810280502013631,0.0249905753161684,0.104037764326849,-0.0683739308760149,0.0067978722947985,0.03192229214239,-0.114651052750641,0.143506521047653,-0.0601862858645665,0.0305714437030478,-0.184937176475465,0.0477422152397706,0.236417227567576,-0.0539713249941574,-0.111580245225451,-0.0263325754205189,-0.132710588564357,0.0671429432668548,-0.0590326253666043,-0.136981992896277,0.122370365294302,0.0866384639282717,0.0530630249767229,0.0406093998345375,0.171914815338736,-0.0307295828441818,-0.0178788411785028,0.089231024179427,-0.0110735795764786,0.124113039992774,-0.0368557060039598,0.0942115525138174,0.199074464423655,0.0105761741406237,0.10740800365287,-0.0443903553590714
"16",-0.128645402608106,0.0398576399207264,-0.00036084477266261,-0.154447681195262,0.192303815736303,-0.0421291705779219,-0.0922017448344239,-0.00536993170068335,0.0517792904410227,-0.0513757516906088,0.0258893373454911,0.00406272202848386,0.0792825425912916,-0.189063321666314,-0.00896810541238309,1,0.0920579551585201,-0.146586205125987,-0.027286613561111,0.0396082052446792,0.0978364083146567,0.0675511170350524,-0.0671483366282056,0.109828034020038,-0.0253986076936598,0.0611885456316436,-0.0778500977706715,-0.116203270203883,0.125634259568906,-0.118108048643581,-0.126037221253346,0.0336407188355594,-0.0224655909709268,0.0323570155141029,-0.167737000417302,0.0506662922607262,0.0268712007422832,0.0246756044482323,-0.0199279532850706,0.00858324254189139,0.189989663446355,-0.07978970622714,0.138180064018523,-0.130328731344359,0.108727982943576,-0.0588588310087102,0.0342540171891722,-0.159018046329845,-0.0484659255801163,-0.112261320774962,0.0797076412064857,0.0955792481430971,-0.0838893592901767,-0.0101397495845735,0.188540893664038,-0.0533760394877357,0.0111851705588866,-0.103254392187077
"17",0.0221574847662464,0.126303330120519,0.0381414247475683,0.0311975233763599,0.0943431662831818,0.0642518159820718,-0.0146062752827265,-0.0866995496275392,0.0599473664363128,-0.055878935611442,0.123022379443963,0.135617892140375,0.065861735209716,-0.0218840363473065,-0.19895524652122,0.0920579551585201,1,0.0247817339053608,-0.144904168093587,0.0503997043556799,0.108756629356979,-0.0689454945709498,-0.0598962006688016,-0.154470150299997,-0.139997212903337,0.0657760820916361,0.089011233917532,0.110547299220304,0.22046874270354,0.0835648173643228,0.0700745861226793,-0.02306704296776,0.319902509680508,0.0448756575619511,-0.0382600994124757,-0.0437088758666209,-0.193621707939459,-0.0710835490294189,0.0992666208221198,0.0361938084611998,0.0710245611320133,0.0696143423199674,0.187306749089964,-0.0638867403177408,-0.0608880396737216,-0.109733434895718,-0.12096577027701,0.0828585568905372,0.227458671496139,-0.0195448822766304,-0.0932685177300082,0.156422564116634,0.0439873429038174,0.0411665616407675,0.101997247896559,-0.12741536574784,0.0794782327756214,0.0346664869762587
"18",0.0443343232781622,0.00906605362337913,0.0682265599353047,-0.0516445344536898,0.0749364517024724,-0.130341778565439,0.00336919699306078,-0.0270425492556052,0.141000186106136,0.168592785795401,0.0644444721249684,-0.191820896544793,0.0818074854573212,0.413461762900189,0.131132979940418,-0.146586205125987,0.0247817339053608,1,-0.0790296515560051,-0.0684912952136538,-0.0591309085021529,0.140850792403669,-0.0735468820671254,0.0880720655652583,0.0878284204216421,-0.0497118193827144,-0.00874097700742099,0.0720642133386394,-0.0536087470925872,-0.0526977719951478,-0.020069695063183,0.0279072210401145,0.119827638917608,0.0222093584791374,-0.00962783862972184,-0.00281663937707924,0.0312158006658008,-0.0139229810667716,0.034549999991819,-0.048257734486034,-0.138902180112042,-0.0380181817413532,0.0144121213532568,0.103350220868627,0.0222813263600276,-0.0915712662317252,-0.218212151375304,0.046909128016766,-0.118988246529718,0.414493391973883,0.0680085418342318,0.00960515386357147,0.226775755528041,0.188695297342165,0.0245566456259401,0.166606819742479,-0.154270320206177,-0.0443940792509147
"19",0.0564693533418465,-0.0346626288004142,-0.139752781830377,-0.022291511694915,-0.0166874515335261,-0.0557207036174226,0.161929368193332,0.100132552493152,-0.0448813264938956,-0.0502168867062875,0.00049335515756141,-0.0640481712726532,-0.0424217105023982,-0.0937708744518749,0.108956833899485,-0.027286613561111,-0.144904168093587,-0.0790296515560051,1,0.114915874436617,-0.201189079504497,-0.118252120598104,0.294301287220498,0.0207407786940652,0.00816189047009017,-0.096791450715484,-0.0488243576318435,-0.171397516654382,-0.139340769471145,-0.0884749579599563,0.478594652293072,0.393747793769558,-0.143903231966969,0.018461967251038,0.158148202347976,0.128461270661883,-0.0114786800181743,-0.124173848170338,-0.141257739166064,-0.19547212516781,-0.0738647736512875,-0.0878483741033262,0.0877310264084027,0.0180358263448999,-0.0134756695045226,0.0892476475146559,0.0111553181008495,-0.12688469690335,-0.15189739005966,-0.00901688396609409,0.143833991253389,0.0184993356214479,-0.0147499298794195,0.0537047009434852,0.0719109302182875,0.0161330350996654,0.0923726799827873,-0.137949657142335
"20",0.108872860282876,0.149247277071126,-0.121407599835599,-0.0937005379565675,0.141782543183283,-0.0655697399347675,0.082307423763599,-0.0849453243000448,0.0306311327780963,0.262215565109051,0.050935217006492,-0.163707962547592,0.115686141958188,0.102929090831575,0.099560485093814,0.0396082052446792,0.0503997043556799,-0.0684912952136538,0.114915874436617,1,-0.0171561361018431,0.0196674918339755,-0.0163697872577767,0.0268275329926908,-0.0386761507750011,-0.0179426874656956,-0.041309590842941,-0.0344541514437713,-0.0418490770299981,0.0741489986485063,0.0166403059393365,0.312889426064616,-0.142289971063584,0.166716079559464,0.083661540216977,-0.049683142284012,-0.0327389499581795,-0.0226344576686348,-0.0263116075042088,0.173396930344636,0.0259333425714888,0.132869374758666,0.146565888436947,0.118909830661483,0.107650134748392,0.194678635631162,0.154891278086809,0.1564597020733,0.106620920502033,0.0901781024114047,0.101544392929681,0.240067488691572,0.0107545988016703,0.135058628750766,0.225744671161138,-0.16262907489757,0.215304116169261,0.0411722667222655
"21",-0.0635271677104501,0.144795362549627,0.0433985195083162,0.128162327980785,0.0959892167815944,0.044297308250305,0.0604091002105379,0.158675341005309,0.0929454538700196,0.148920634200028,-0.00397931890481803,0.231942630093013,0.00845990248406295,0.142833244307771,0.123846574196508,0.0978364083146567,0.108756629356979,-0.0591309085021529,-0.201189079504497,-0.0171561361018431,1,0.119472490422593,-0.129720030156031,0.0840138918523754,-0.127180055541902,-0.017216034483985,0.0240393690820349,0.142992297423258,0.286556369377725,-0.020003816469632,-0.0815247911010686,0.191464281237046,0.246257929061153,-0.141090726625881,-0.0369348601898891,-0.0737787691836516,-0.0547300226695588,-0.0592343004957476,-0.0228104927400195,0.143991218493933,-0.0198766968965292,0.15255249675547,0.0132120469922635,0.112683410737215,0.048661073706116,0.0528057740553898,0.104125416343268,-0.0404811291499601,0.124007995507154,0.182151644556862,0.091491376840924,0.136636475849022,-0.0678753389212485,-0.0703243187517691,0.0664538661872322,0.0724229517627915,-0.00394365057145169,0.0786075702913443
"22",-0.0813772189089741,-0.0516402330030007,0.0130917288455467,0.0324943266626008,0.1861939487051,-0.05462727447338,0.0373683156932409,-0.208689394991524,0.0726146030828708,0.00896179077094045,-0.0331397245633642,0.0228744022942718,-0.0269893583881511,0.21356037704881,0.223793463316764,0.0675511170350524,-0.0689454945709498,0.140850792403669,-0.118252120598104,0.0196674918339755,0.119472490422593,1,0.0243057796967528,-0.00603146629700655,0.0078283208157712,0.101013702180333,0.107973209661652,-0.0544868773591941,0.0758558577682788,0.214913712328663,-0.0636492514587478,0.054820898789351,-0.0239423198716387,0.07593675455985,-0.0198972525124445,-0.274895741550547,-0.0221695901960116,-0.0603573288800863,-0.0344544327891983,0.19774808642558,-0.102240698579904,0.228199534825513,-0.0607364702765068,0.109590235228106,0.0235018882058237,-0.0103686646141592,-0.135936816806833,0.0344887443940994,-0.077535427745667,0.204763667662908,0.00874650434269685,-0.12650757367276,0.0939635132543648,0.170382034527961,-0.0255664493998462,0.0235516373375818,0.0258179085378314,-0.00540257940918415
"23",-0.075834506143144,-0.101652962190289,-0.0700476053008035,-0.0742730969525922,0.0609332884122299,-0.0613566975997253,-0.0601825898395213,-0.0209226889948662,0.111110921059949,-0.0261874433196641,-0.123093971642643,-0.0128999507777364,-0.0677226059758409,-0.130508213704079,0.0810280502013631,-0.0671483366282056,-0.0598962006688016,-0.0735468820671254,0.294301287220498,-0.0163697872577767,-0.129720030156031,0.0243057796967528,1,0.111425615430801,0.0259379769485149,-0.109795693806344,0.173527098174596,-0.00145337020098362,-0.238398183764622,-0.117640866764057,0.250878465603947,0.0596068565303804,0.0621571993130599,0.0825540293095731,0.0513429317555709,0.0654324249293984,0.105051416513879,-0.048251545868718,0.0857755389929387,-0.0829371512757787,-0.0871283562185435,-0.111264377718168,0.0407353349033606,-0.00765772358655258,-0.111321334737309,0.100844369770362,-0.0585974304657056,0.115763543362501,-0.0124231806407146,-0.116339088845202,0.0258956739392505,0.195783517985491,-0.056588416097981,0.0146938077738161,-0.0782778776514443,-0.0436727336640374,-0.0538579362475754,-0.0478150589618402
"24",0.162550961253516,0.119613068293426,-0.0665166021265912,-0.163903899112917,-0.108224299143794,0.0729132618762763,-0.0170927808702564,-0.023413986268302,-0.090307613917352,0.13794922053855,-0.131687425447933,0.0434093623234522,-0.0981743112187739,0.0347866738371386,0.0249905753161684,0.109828034020038,-0.154470150299997,0.0880720655652583,0.0207407786940652,0.0268275329926908,0.0840138918523754,-0.00603146629700655,0.111425615430801,1,-0.0253126356270247,0.106843820446334,0.0536755337680123,0.182716252235086,0.0688143082702318,-0.159342940288562,0.0563690240886315,0.13830773562445,0.022739792633246,0.127834866574037,-0.153616937271003,0.164673419663233,-0.117216918616516,0.0150389417385203,0.09456147800556,-0.0477202916104726,-0.0163824052978759,-0.16710041705936,-0.0399704872150598,0.0913799750183711,-0.135744313265882,-0.0716935884757491,-0.0847604077939285,-0.184648104964957,-0.0210527528786205,0.0597005244400861,0.0306067013272221,0.0847237546274955,-0.22420031702142,-0.0341351829761543,-0.0453469967178258,0.138348008263338,-0.0706585527210709,0.0163198309744745
"25",0.129617945740684,-0.12499934922341,0.0558102409359281,0.08410428477987,0.191531104497357,-0.193829209609721,0.107766284301716,-0.0431406101908365,0.0178518394889553,-0.141237965636165,0.250360296183483,0.00646512739239053,0.0938818189939427,-0.195362434573657,0.104037764326849,-0.0253986076936598,-0.139997212903337,0.0878284204216421,0.00816189047009017,-0.0386761507750011,-0.127180055541902,0.0078283208157712,0.0259379769485149,-0.0253126356270246,1,0.181638895432541,-0.0328847851033314,0.0563265192509902,-0.0991971771540492,0.136177080382811,0.091284384418495,-0.00912922306596424,-0.105221502041806,0.0612757397374993,0.0498588647865078,0.0133011236779737,0.153642307719758,0.0947720102882962,-0.0435680786242937,-0.104141105233828,0.165285233934878,-0.0515046226946351,-0.0886202597594889,-0.010034332887911,0.00763341554318229,-0.0275124553315482,0.145328135588653,0.111075783060254,-0.165515033802626,-0.060379355826318,0.0420366075921663,-0.033813040765259,-0.0435928348590261,-0.0901850195248295,-0.0141467510165859,0.0437475037527787,-0.1801993680416,0.0551853076986747
"26",0.102056394090563,0.0404968548480976,0.0045512711206499,0.0387577623083945,-0.00890345192895528,-0.0318463142606526,0.171687692077397,0.0689607441241763,-0.265823625009182,-0.129028292886988,0.0943907531818987,0.191497256307908,-0.123519551923676,-0.0198411996319269,-0.0683739308760149,0.0611885456316436,0.0657760820916361,-0.0497118193827144,-0.096791450715484,-0.0179426874656956,-0.017216034483985,0.101013702180333,-0.109795693806344,0.106843820446334,0.181638895432541,1,0.105985333537181,0.0709670808638946,0.0667840708941402,0.0890653344695213,-0.0439082704526974,-0.140712970015857,0.129855593515203,-0.0683269637489603,-0.0989056544531007,0.0334903914141576,-0.0834643771417315,0.165968124569363,0.0233862317678998,0.116611459720568,0.0592383594933611,0.136485820152969,-0.18349543365209,-0.14080810541089,0.0493039305527168,0.092955730926736,-0.0838027545168072,-0.0220798551071805,-0.162946956522033,-0.137534025254367,0.14191816552583,-0.0670855314612158,-0.111222095841913,-0.0350997789765444,0.0336956227998483,0.213889547564262,0.191387543274856,0.174977294457409
"27",-0.021041051604877,-0.0157863572715431,-0.00842715807716877,0.180354363739007,0.0744077663676469,-0.244314068881362,0.133970084439556,-0.0137400300263648,-0.173890285553291,0.0224694878202716,-0.0495195816895345,0.166113781802314,0.179860213282579,-0.0644876630502015,0.0067978722947985,-0.0778500977706715,0.0890112339175319,-0.00874097700742099,-0.0488243576318435,-0.041309590842941,0.0240393690820349,0.107973209661652,0.173527098174596,0.0536755337680123,-0.0328847851033314,0.105985333537181,1,0.208131556346929,0.00259751936266008,-0.0741101282470416,0.078290096661434,-0.0211387470571324,0.126078625002722,0.0524947164484333,0.0874048765472019,-0.0631447702687384,-0.0786418209622981,0.222976279283383,0.117165402537893,0.0131255648916353,-0.141397473841302,-0.154449135765802,-0.12447907208076,-0.0453961385611689,-0.0327325574841539,-0.211612526457674,-0.105894917463581,0.0628053130738667,0.0574073220515359,-0.150772645733512,-0.0319193997968147,0.00585242613498366,0.0862358876178387,0.0419834093174747,0.131153069501396,0.285758133203442,0.0968495212974073,0.0511976679693368
"28",0.103394252448311,0.183026944803548,0.0325593296343943,0.149593668426111,-0.0450372733993696,-0.0187356278394322,0.0579312617508796,0.111976356500712,-0.0672552166507159,0.0331361975171975,-0.0110648846495514,0.0745569299627687,0.0942269217826533,-0.0242470590892937,0.03192229214239,-0.116203270203883,0.110547299220304,0.0720642133386393,-0.171397516654382,-0.0344541514437713,0.142992297423258,-0.0544868773591941,-0.00145337020098362,0.182716252235086,0.0563265192509902,0.0709670808638946,0.208131556346929,1,0.215897956721983,0.140112881212369,-0.137165800192494,0.029528564980914,0.0642188032837392,0.114197763012754,0.0253744531028113,-0.0951877717915505,-0.121119682608734,-0.0327771773223115,0.096272310279377,0.117109723071557,-0.12567902106318,-0.190693512739267,-0.0578195580294874,0.00682728242767194,-0.190632179408273,-0.0372679504910477,-0.0930881483753615,-0.0853163302489185,0.145624149610157,-0.0535767258934377,-0.193708651772134,0.0582007899289582,0.0198239876493861,0.00115684346396373,-0.0729852098887039,0.215405916729411,0.0391696234338354,-0.0279391099353305
"29",-0.113402807261666,0.00498329935307394,-0.103386291692127,-0.058776542334069,-0.035121225902836,0.101372784395636,0.0582232250310133,0.166638599703995,0.0103279022854196,0.127462804937456,-0.0271301531478918,0.0926200774311009,0.00163428691223841,0.0482210982190701,-0.114651052750641,0.125634259568906,0.22046874270354,-0.0536087470925872,-0.139340769471145,-0.0418490770299981,0.286556369377725,0.0758558577682788,-0.238398183764622,0.0688143082702318,-0.0991971771540492,0.0667840708941403,0.00259751936266008,0.215897956721983,1,-0.113117153635191,-0.0940550035256838,-0.0189777339068344,0.237212914590457,-0.0438889941643347,-0.136254219109443,0.0426249160709439,-0.173736190588288,-0.101286748784782,-0.0235554159006472,-0.123281677875739,0.23960708177538,0.0560904590594961,0.12817148217032,0.0697624965385986,-0.102306839021702,-0.0682490619252193,0.00597512731214275,0.0287829652054935,0.298518380824396,0.0866552356816694,-0.190436034830557,0.0212735164031414,-0.0350939729074749,-0.0282807294803019,0.0537658020828841,-0.00626685549024885,-0.118927802713277,0.0154470119239206
"30",-0.0431229147879078,0.031449114113784,-0.0155098808182492,0.139219402229764,0.00937477848535481,0.231458283945056,0.0985446139045562,-0.0869506427633048,0.147455472978578,-0.0836821873552504,0.121681433799001,0.10862817332593,-0.19497070705895,0.0872909172256835,0.143506521047653,-0.118108048643581,0.0835648173643228,-0.0526977719951478,-0.0884749579599563,0.0741489986485063,-0.020003816469632,0.214913712328663,-0.117640866764057,-0.159342940288562,0.136177080382811,0.0890653344695213,-0.0741101282470416,0.140112881212369,-0.113117153635191,1,-0.13183627173251,-0.165099222080944,0.0659111788271814,0.0852164554654972,0.0770572874121743,-0.179391118968016,0.221002261103428,-0.0882334520198023,0.0512054780531856,0.208471174640419,-0.0822077499554965,0.0607768932394325,-0.0150963076947258,-0.0218256385349772,-0.15347641144506,-0.0401280790339655,0.0486912331152177,0.144508870709307,-0.107677742957118,0.00135455599091295,-0.162600531263277,-0.0708165607248996,-0.0528070668013094,-0.0925247621523074,-0.0166114008242787,-0.0222646982760516,0.0782613327339456,0.108237315913851
"31",-0.00510028248900194,0.0610252514022322,-0.0471402816199461,-0.0471109158776119,-0.157501315810032,-0.0480199092558712,0.0838274841411827,-0.0397074100831656,-0.168908675670948,-0.101325959163749,-0.0813754945221972,0.0409308534304916,0.0433168209164385,-0.136853555518975,-0.0601862858645665,-0.126037221253346,0.0700745861226792,-0.020069695063183,0.478594652293072,0.0166403059393365,-0.0815247911010686,-0.0636492514587478,0.250878465603947,0.0563690240886315,0.091284384418495,-0.0439082704526974,0.0782900966614341,-0.137165800192494,-0.0940550035256838,-0.13183627173251,1,0.370000621586755,0.219043895793554,0.188775528979459,0.0794388124465363,0.0247626486278749,-0.0499084760867117,-0.00777681232132521,0.092278664603825,0.014520369123229,0.0193566606563174,0.0830588020512128,0.0105150430280492,0.219454889113426,0.0595079732911185,0.0443728051687092,0.105881063842253,-0.00846305663831842,-0.147290019178813,-0.0440771691261703,0.226441329401885,0.0475843889251271,0.0346597754718998,0.0763016054914933,0.0224662374039416,0.0558337168066743,-0.00719691464177392,-0.151065894443635
"32",0.111292199527378,0.212733226498279,-0.147900964354316,0.0607134903602698,0.0175347892505587,-0.0657464125695446,0.041824790083015,-0.02726647752011,-0.106496756207283,0.0723277675863374,-0.088199818310171,-0.0917256459948065,0.00983552044505118,-0.00190999502384142,0.0305714437030478,0.0336407188355594,-0.02306704296776,0.0279072210401145,0.393747793769558,0.312889426064616,0.191464281237046,0.054820898789351,0.0596068565303804,0.13830773562445,-0.00912922306596424,-0.140712970015857,-0.0211387470571324,0.029528564980914,-0.0189777339068344,-0.165099222080944,0.370000621586755,1,0.00717335347486617,0.145086292311267,0.0982273747675501,-0.032039034420859,-0.128734626116534,-0.147665361920755,0.0386084265602264,0.0800146278200621,-0.0441095222031228,0.11533868508877,0.0659108950738024,0.320480255756876,0.0302685015057859,0.207995727047748,0.0528481951381006,-0.00753510977156429,-0.107687375736782,-0.041152481187117,0.178589668403178,0.0840086184722048,0.0348965251249079,0.286112755660076,0.0280098094706677,-0.0463804898950157,0.0563970594538995,-0.0772409000044748
"33",-0.0133249444325179,0.0467651059175083,-0.078174415050184,0.0530760164180238,-0.119920929151977,0.0830434689554369,-0.0574795894070187,-0.107697782139619,-0.104266965018074,-0.0688697232997279,0.0339882242853176,0.236240728336559,-0.0661334272469739,0.0657856181144467,-0.184937176475465,-0.0224655909709268,0.319902509680508,0.119827638917608,-0.143903231966969,-0.142289971063584,0.246257929061153,-0.0239423198716387,0.0621571993130599,0.022739792633246,-0.105221502041806,0.129855593515203,0.126078625002722,0.0642188032837392,0.237212914590457,0.0659111788271814,0.219043895793554,0.00717335347486617,1,0.0922675656789366,-0.0955948524257617,-0.163709968908439,-0.0448750375535059,-0.0212158063083774,0.158367093055384,0.0876958908806846,0.0419589778691009,0.0903072207337838,-0.123475346266055,-0.00253591142185708,0.0602211658618285,0.0582262623053218,-0.121428811877468,0.0392352266184077,0.0273175972817555,0.0128376723595261,-0.00485425402222457,0.0681662750961931,0.102962748870805,-0.0480944833985637,0.121192824358334,0.0649786952744899,-0.0130447019893244,0.0543433080906821
"34",0.223809761059079,-0.0281954936709685,-0.153424886295576,0.0817029428568297,-0.0239717595456088,0.0089569595949585,-0.29199782279834,-0.223497959692803,0.0838826041059697,0.0699182499606885,0.213468656953107,0.0322513150313755,0.226764877058116,-0.00904633828712968,0.0477422152397706,0.0323570155141029,0.0448756575619511,0.0222093584791374,0.018461967251038,0.166716079559464,-0.141090726625881,0.07593675455985,0.0825540293095731,0.127834866574037,0.0612757397374993,-0.0683269637489603,0.0524947164484333,0.114197763012754,-0.0438889941643347,0.0852164554654972,0.188775528979459,0.145086292311267,0.0922675656789366,1,0.0509198909888351,0.0139202312913407,-0.0527004029238384,-0.00062703002440277,0.0589210839420135,0.235795442862275,0.153328681649486,0.0931573113197197,-0.00288144692354003,0.0806587090500565,-0.0158585041666087,-0.0871439610711462,0.12444037140237,0.0650969577888062,0.0887058414724661,0.0775404587417531,0.143286641542359,0.13746552494411,-0.0131221427152962,0.152228622083267,0.0847096514600271,0.00783912780302754,-0.0757567124800905,0.0823510093618597
"35",0.0422491524989739,0.111017674841914,-0.110136776916448,0.124022216693875,0.0487902329256107,0.0769981054774373,0.337587347332606,0.188765598542136,0.128482186162261,-0.0584956891381912,-0.00039700521485345,-0.0874264748822381,0.155341717231712,-0.12562666296527,0.236417227567576,-0.167737000417302,-0.0382600994124757,-0.00962783862972184,0.158148202347976,0.083661540216977,-0.0369348601898891,-0.0198972525124445,0.0513429317555709,-0.153616937271003,0.0498588647865078,-0.0989056544531007,0.0874048765472019,0.0253744531028113,-0.136254219109443,0.0770572874121743,0.0794388124465363,0.0982273747675501,-0.0955948524257617,0.0509198909888351,1,-0.00055855292697523,0.0908631134320723,-0.131360196562677,0.0340134817098369,0.0287049865769147,-0.122081432379936,-0.0570901493331359,0.237305914624874,0.0222150840228313,0.00822756354230418,0.102709205144212,0.00122453137007975,-0.0498515136793767,0.0982126940462521,-0.049597232474735,0.112423701903018,5.50941008092252e-05,-0.100844303493752,-0.00859323203596299,0.013545728210667,-0.0525200399368186,0.048626473279916,0.12017705237718
