"","l_Insular.Cortex","r_Insular.Cortex","l_Amygdal.Area","r_Amygdal.Area","l_Bed.Nucleus.of.the.Stria.Terminalis","r_Bed.Nucleus.of.the.Stria.Terminalis","l_Hippocampus","r_Hippocampus","l_Orbitofrontal.cortex","r_Orbitofrontal.cortex","l_Entorhinal.Cortex","r_Entorhinal.Cortex","l_Frontal.Association.Cortex","r_Frontal.Association.Cortex","l_Globus.Pallidus","r_Globus.Pallidus","l_Glomerular.Layer.of.the.Accessory.Olfactory.Bulb","r_Glomerular.Layer.of.the.Accessory.Olfactory.Bulb","l_Glomerular.Layer.of.the.Olfactory.Bulb","r_Glomerular.Layer.of.the.Olfactory.Bulb","l_Granule.Cell.Level.of.the.Cerebellum","r_Granule.Cell.Level.of.the.Cerebellum","l_Hypothalamic.Region","r_Hypothalamic.Region","l_Entorhinal.Cortex","r_Entorhinal.Cortex","l_Vermix.Molecular.Layer.of.the.Cerebellum","r_Vermix.Molecular.Layer.of.the.Cerebellum","l_Lateral.Molecular.Layer.of.the.Cerebellum","r_Lateral.Molecular.Layer.of.the.Cerebellum","l_Anterior.Olfactory.Bulb","r_Anterior.Olfactory.Bulb","l_Posterior.Olfactory.Bulb","r_Posterior.Olfactory.Bulb","l_Subiculum","r_Subiculum","l_Perirhinal.Area","r_Perirhinal.Area","l_PreLimbic.System","r_PreLimbic.System","l_Primary.Cingular.Cortex","r_Primary.Cingular.Cortex","l_Primary.Motor.Cortex","r_Primary.Motor.Cortex","l_Retrosplenial.Cortex","r_Retrosplenial.Cortex","l_Secondary.Cingular.Cortex","r_Secondary.Cingular.Cortex","l_Secondary.Motor.Cortex","r_Secondary.Motor.Cortex","l_Striatum","r_Striatum","l_Ventral.Tegmental.Area","r_Ventral.Tegmental.Area","l_Substantia.Nigra","r_Substantia.Nigra","l_Thalamus","r_Thalamus"
"1",1,0.22141821681088,0.0217865107201158,0.100831366989947,0.0429204866585499,-0.0205297525052763,-0.0923610729764971,-0.097827775467126,0.212472796580363,0.189541471250766,0.253543562211815,0.0885255935478502,-0.0859537646241893,-0.0713492177781303,-0.206377380521383,0.144307356846556,-0.0715705477460034,0.0611976101448629,-0.116141253346646,0.0698631877798202,0.107195528437778,0.0227834529511498,-0.074975215509082,0.070522568267758,0.263230204751657,-0.0517914656503975,0.105420529604175,0.0697483751853351,0.154533876554639,0.269642678511624,-0.0462842448512166,0.173283521361619,0.237893047100452,0.182419177910667,0.0691967637547442,-0.115727525313873,-0.111823837132637,0.0383606490307391,0.0884970190816348,0.0547375091130683,-0.094390591747956,-0.010742927071935,0.0600987664943773,-0.120821619741062,0.0845132334609654,-0.0848443674315128,-0.326958616915068,-0.201386702519268,-0.103190436511088,0.0625970001614363,0.156327935978894,0.143903701397948,0.0561510149933313,0.0232933550317111,0.0777491773802402,0.0288376467635611,-0.243221933980761,-0.164572977212918
"2",0.22141821681088,1,0.0363395453028473,0.145229013706478,-0.0262657628768645,-0.0580144053290957,-0.129040616888351,-0.116567349077327,0.200247612523804,0.216524038835985,0.0807519668008145,0.0666533699478423,0.236751590369155,0.154802723825425,-0.0388150105224739,0.190876756812902,-0.0049687226961754,-0.0574719837333985,-0.0245335868244031,-0.0838390428227118,0.0850551658541136,0.0447342830220791,-0.00977435659583341,-0.0918765399263884,0.0663837219250046,-0.0735414031555535,0.132366198306231,0.0515358664998607,0.0868815731993298,0.0346763605024,0.0269132199867771,-0.219298721476629,0.196222706099891,0.043659404957134,0.0359445599525838,-0.11111691774343,-0.0666404228403956,0.163593810077572,-0.0575131636316581,-0.0397059375789593,-0.18318994873359,-0.194444760080443,0.0912701743932858,0.0805220718629259,0.0966854032106359,-0.0218875089249975,-0.166198271032766,-0.22681255043362,0.180707356547317,0.0747534580488057,0.0527427895552966,0.111671256294263,-0.125288831123067,-0.0787014840198687,0.151246570704111,0.0390175917307906,-0.00496200825491946,-0.0607519786425772
"3",0.0217865107201158,0.0363395453028473,1,0.0297885946329015,0.0623222977619103,-0.00035735164980292,-0.0409222340317279,0.061723370335198,-0.013311201678869,0.0852001268048162,0.369433747772532,-0.110472407330387,0.0975489350620486,0.0511498691540012,-0.0990969312984207,0.0900679673629292,0.05912262937596,-0.126549787044218,0.0678485465859855,-0.00665447451715761,0.061930590525123,-0.0872459358414614,0.290341875753807,0.101050019438747,0.116452104102431,-0.138692847433821,-0.193837231253616,0.0190247862261541,-0.0878412264297079,-0.0717621442784996,0.0356286573189665,-0.106928425462404,0.121246370177991,0.174024427676034,-0.148326311978983,-0.0761545811269526,0.119326266160977,0.0110935380738015,0.0823312614533033,-0.0394188946569396,0.00258007062272989,0.0923036430474449,-0.094598577919758,-0.0146873106783733,-0.0249400986674321,-0.115196843836652,-0.0409400933251686,-0.258201987472073,0.120668587347461,0.0946055435103105,0.0786957263309862,0.14238579164917,0.0439812659599629,0.0894323744400378,-0.00680133085542293,-0.0134869981025442,-0.0205401722661094,-0.107400603509232
"4",0.100831366989947,0.145229013706478,0.0297885946329015,1,-0.256923341370757,0.0219305294407488,0.0047750747844494,-0.129542239903448,-0.0106529600850042,0.0694689344722669,0.187425570302863,0.23329072218169,0.0249335497738317,-0.0337511163927328,-0.0321189587386367,-0.160793101251854,0.179304183011474,-0.0017552825236479,0.0875777917885508,0.0868691539397243,-0.149171902579233,-0.0890810775550332,-0.0154812463139522,-0.0149407118228396,0.041962818472879,0.14240512177752,-0.0737816210137683,0.0300616176999174,0.0712517781349833,0.0776352691043577,0.118583305045872,0.0462964230357543,0.0565654934887495,-0.00734265579291002,0.0583844269505909,0.0265658526551976,0.0780405087525401,0.172005707920716,-0.0136521581236743,0.131922032367684,-0.124928155084558,-0.0492726643467993,0.0829404625800933,0.0499444264820809,0.0173557930884164,0.0994244487555644,-0.029485794360184,-0.104307549548584,-0.114964742121963,0.12832932742951,0.176926227670769,0.0293454555497755,-0.00654679855582905,-0.0289961235744661,-0.128427486370576,-0.0763779184018741,-0.0330638250242202,0.0248115751935176
"5",0.0429204866585499,-0.0262657628768645,0.0623222977619103,-0.256923341370757,1,0.0216554908815955,-0.0095209691027007,0.220346685586512,-0.0266893252139261,-0.0929407116305667,0.139893047527591,-0.0814870789920457,-0.141616531511356,-0.0407376081358522,0.0225423353618391,-0.116609420291383,0.220059640472041,0.0214827258386794,-0.0844180640610649,-0.0325879143409445,0.17904421399345,0.0224381959848353,0.287837772167382,0.116429021903024,-0.0821040846318859,0.127962071916192,-0.0443176046908236,0.0684626756947902,-0.107464787756358,-0.0292997523357555,-0.0539001034999088,0.039361513362978,-0.0660422144279537,0.159702558986136,0.0449179168376356,0.194648962441226,0.0358359847306405,0.156119963671695,0.121231269513255,0.107845154770619,0.0612008470136764,0.0598544248477935,0.00966751595158371,0.0697660207412612,-0.106239663957855,0.036497838029302,0.039182330862308,-0.117476641025366,0.00411951644172496,-0.0703297117523316,-0.0833794567200352,0.0075186575751603,0.0302760158295013,-0.0124403990173355,-0.0087599174480828,0.076353001659485,0.225347617549829,0.209556749449051
"6",-0.0205297525052763,-0.0580144053290957,-0.00035735164980292,0.0219305294407488,0.0216554908815955,1,-0.0944924100757796,-0.160573100152627,0.00610968343466913,-0.0121109718743417,0.0430216414522495,-0.0603161307992874,0.0385741693315235,-0.154074406850593,0.104658028442641,-0.0432712346052894,-0.0831802835093652,-0.039537500151694,-0.16706131608857,0.129585899600421,-0.0700206847588264,0.0121115914972781,0.0191524435350275,0.0445621542438556,-0.0856259394644635,-0.0909064722417563,0.10870274954111,-0.0337267530322646,0.202599981863011,0.0897323543200472,0.0489235888014654,0.0835766966769589,0.0343839962829159,0.0839611960730536,-0.0494498578523027,0.111156727124601,0.0908434688845954,-0.0468626289510018,0.123316719274491,-0.0470305598707663,0.00452132736957455,0.077555845462913,0.0935698070706732,0.108726182866365,-0.0319378616523046,-0.0959885033602029,-0.157521748087273,-0.102839376786512,0.0610688918967778,0.0160734775767821,0.223824449759341,-5.05634461932967e-05,0.109071828583668,0.0679834873401659,-0.0282814926590029,0.0123210103043329,0.0610734332460839,0.010400207326249
"7",-0.0923610729764971,-0.129040616888351,-0.0409222340317279,0.0047750747844494,-0.0095209691027007,-0.0944924100757796,1,0.211965559485337,-0.0908855401786399,-0.334996981502172,-0.243844164529047,0.117782523135748,-0.183391325474331,-0.0135166730665429,-0.0841468801862425,-0.0630543677631004,0.176444585841837,-0.0154173909200474,-0.00646094337130422,-0.0164660581200873,-0.0677455647446403,-0.144395958079082,-0.0778737028738998,0.132172254448454,0.0362973348164235,0.0892872772867994,0.00151496900922512,0.0103580705652703,0.0747538892789091,-0.156469954688053,-0.0282580926288237,-0.0490374956159789,-0.0508442246635256,0.0718196120524057,0.447189024767266,0.051973535868059,0.0443786376269043,-0.00953951269675264,0.173126820109294,0.0830040930571758,0.139046011658182,0.136529345725729,-0.0275942747200041,0.0301489090227683,0.0371454984996881,-0.0101937575987352,0.128098660686276,0.163684684988327,-0.0170607665227119,0.0145299161793524,-0.186974508134428,-0.0206958062909885,-0.156945744352222,-0.00679381741819927,-0.0713726520071739,0.0284577738935001,-0.00818430823161574,0.0376978535408036
"8",-0.097827775467126,-0.116567349077327,0.061723370335198,-0.129542239903448,0.220346685586512,-0.160573100152627,0.211965559485337,1,-0.238821980638536,-0.124549512070509,-0.0986465067075426,0.136668412405469,0.0386280230345391,0.0384083721399644,0.207635359473158,-0.0924308499654996,0.198171953329068,-0.181058708401649,0.0141084287742563,-0.0902579171049226,-0.0761114101911153,-0.0684147617855102,0.0884542430683124,-0.0746810139139865,-0.142807577623836,0.331341985200936,0.0168774565719703,-0.0183800034957234,0.125099812447511,-0.0262461979034938,-0.112190812535577,-0.162507693534931,-0.183599829628695,-0.0575752956184155,0.0657368303663381,0.162141272007854,-0.0904168055499225,0.221367840387309,0.160240951298001,0.117710214739635,0.168338947509787,0.0808978550193331,-0.171831562587432,-0.0625302775346198,-0.0773943260440344,0.0201483912783025,0.250152016835985,0.0259360353620584,0.00632411180628729,-0.0295390326633224,-0.191846354050951,-0.133505454541165,-0.151025169967103,-0.10051050081515,0.0558603188665238,-0.0262784890172484,0.0923103385366524,0.192237687345497
"9",0.212472796580363,0.200247612523804,-0.013311201678869,-0.0106529600850043,-0.0266893252139261,0.00610968343466913,-0.0908855401786399,-0.238821980638536,1,0.230909570321281,-0.109798897584321,-0.186618839889438,0.0962115590802351,-0.0493581774836114,-0.0581099055065204,0.0661878345022204,0.0265758870182319,0.182432076768719,-0.201425854137453,-0.0621096734005697,0.0415667126084465,0.247971989783462,0.0867325316213643,0.0945534990808479,-0.0188741081483778,-0.22210877988858,0.101179894007596,0.0870034101132941,0.128356357247682,0.0256861982499142,0.0773438628975189,0.0429316480431931,-0.154296998241394,-0.0283707690655059,-0.00659811948900245,-0.11472284494186,0.094761275962638,-0.0895551474846591,-0.284140994808622,-0.350092865753704,-0.305171879601094,-0.253851127322644,0.192181435026714,-0.0686883267252574,0.0540538080676966,-0.193893338445154,-0.253684167269391,-0.194261747519339,-0.0896468451574059,-0.0601481364354312,-0.156280976517377,0.0947282321753882,0.152088434310169,0.112173101489181,0.136233454452287,-0.0922533071016556,-0.0600840046101083,-0.211077920077748
"10",0.189541471250766,0.216524038835985,0.0852001268048162,0.0694689344722669,-0.0929407116305667,-0.0121109718743417,-0.334996981502172,-0.124549512070509,0.230909570321281,1,-0.0395580422958327,-0.0722815000779187,0.0274808489370008,0.0770409621687764,-0.11867966060739,0.0836184301665305,-0.00838620826532513,-0.095415680196529,-0.0577138655243989,-0.0507691889765906,0.10913057891964,0.118285556598775,0.039170222495562,-0.0266041610595407,-0.074129436825332,-0.122849133367835,0.0642583405537297,0.0766244030951851,0.0910966783984464,0.239046255364222,0.072813989588204,0.12739694532226,-0.21596151692704,-0.0380462022000601,-0.3864446381208,-0.29219493990987,-0.199221550853706,0.0334116239985143,-0.168994280877991,0.0630638769677873,-0.296483232702803,-0.294291252285247,-0.0242613402071149,0.0394665737723412,-0.143541245444047,-0.0878176366606648,-0.157242388810123,-0.129420179226127,-0.0992870244685706,0.0782327697067976,0.0505068912920103,0.0435313037611644,-0.0711526669242885,0.00690165311099654,0.0330676122503529,0.094308137339462,-0.164392567491755,-0.040819450304588
"11",0.253543562211815,0.0807519668008145,0.369433747772532,0.187425570302863,0.139893047527591,0.0430216414522495,-0.243844164529047,-0.0986465067075426,-0.109798897584321,-0.0395580422958327,1,0.149380303847124,-0.00436225249029734,-0.0561544042365931,-0.185300383813442,0.0749735831703894,-0.14741634238128,-0.00357631360450646,0.0895870464094345,-0.0780677711348534,0.0693160240022064,-0.153892612671353,0.100499728060307,0.127112670716573,0.302941986554097,0.06775581076034,-0.0708641362271326,-0.0687509650492917,-0.128072104068292,0.1102271520226,0.142994082268086,-0.0424420599244573,0.378603544676667,0.367932905557724,-0.117936365787114,-0.0640947952386844,-0.144093477280178,0.170261227316522,0.111342747773278,0.103364374162352,-0.174240092159673,-0.0484783032896811,0.101373253514943,0.124931588898507,-0.0550043402776856,-0.0886171082353926,-0.286782338691597,-0.32256484771017,0.0405739194898461,0.127400934578766,0.376468148545432,0.317985631967662,0.0241042536918032,0.155694766469842,0.0392836398585071,0.0634128774483126,-0.100927487384321,-0.171617491191274
"12",0.0885255935478502,0.0666533699478423,-0.110472407330387,0.23329072218169,-0.0814870789920457,-0.0603161307992874,0.117782523135748,0.136668412405469,-0.186618839889438,-0.0722815000779187,0.149380303847124,1,0.00186067063311026,0.0281674747863607,0.0687871853083056,0.158563020710718,-0.114135793791084,-0.0195976226579421,0.0625853009907141,0.0131981581720984,0.0225139209615366,-0.102637572808736,-0.130507435580416,-0.097617458726057,0.113082266337538,0.191358961847499,0.164983216339473,0.0336908707285487,0.12949925546248,-0.0557151705739722,-0.0201648897223355,-0.0618314112036624,0.309399659936509,0.115738949935563,0.0443728387631645,0.19464450731159,-0.190342415924617,0.205723090974197,0.216402580478128,0.229523744294209,-0.0300589884950576,0.0881654104884127,0.0375322961106795,0.146383129320248,0.117500353269999,0.0896871741797779,-0.00368571427508787,0.0719947387525883,0.170183328763791,0.160675007077066,0.140069645891148,0.13028242087106,-0.0985947898921322,0.00165696152277593,0.0357892682653564,0.174989662269963,-0.118302044185753,0.023701942679588
"13",-0.0859537646241893,0.236751590369155,0.0975489350620486,0.0249335497738317,-0.141616531511356,0.0385741693315235,-0.183391325474331,0.0386280230345391,0.0962115590802351,0.0274808489370008,-0.00436225249029734,0.00186067063311026,1,0.2452134061386,0.161177407052478,-0.04378612157661,0.157231391166442,-0.0729346739573624,0.0835793035667249,0.0701788070615071,0.040305910681541,0.00796619593431784,0.0068156651575755,0.0121898898157107,0.0119447657060802,-0.00509498468164881,0.076595325376377,0.0550292257607038,-0.0777705817691397,0.174869670543502,0.201207937548873,-0.134694961175454,-0.00077887106098102,-0.20284108649491,-0.159924020148017,0.011497111332083,0.0372009276039854,0.0876870783050258,-0.0329101188524859,-0.0606930357024303,0.0155868987439964,-0.0399469642318171,-0.147206743998845,-0.0203000512572774,0.0826369417637814,0.064205320189758,0.0081346007351006,0.00390927705711175,0.450818837072401,0.174576553291124,-0.0371736792977917,0.0234844484423356,-0.0702042875162091,-0.0283879621395359,0.0540255534802839,-0.05064421307719,-0.185890944018912,-0.101654297275812
"14",-0.0713492177781303,0.154802723825425,0.0511498691540012,-0.0337511163927328,-0.0407376081358522,-0.154074406850593,-0.0135166730665429,0.0384083721399644,-0.0493581774836114,0.0770409621687764,-0.0561544042365931,0.0281674747863607,0.2452134061386,1,0.144635760369416,0.0363175318128066,-0.0254105605912948,0.213447277116832,0.235232468673442,-0.135819956590198,0.0486425918942944,0.0183813263845229,-0.0207672437694015,0.209679812116263,-0.0285657564101702,0.0898619367296551,0.142080449433178,0.202078120260308,-0.0576931984030824,-0.114048936205702,0.151659706876044,-0.177996064990336,0.116389306891742,-0.0467520210933396,-0.0403108331220831,-0.0708555655768398,-0.0967231420083335,-0.0124256123365388,0.149107701286944,0.0291050640682634,0.0592831434189399,0.244695441377648,-0.113496849532081,0.187513147228387,-0.0181155047828768,-0.0214890519365917,0.195771447802479,0.123021158516298,0.152194350999877,0.721509171672976,-0.0720214048031718,-0.00489938430109107,0.0271658760049386,-0.0746636234220019,0.264599848580777,-0.0193322733943533,-0.0384578858488887,0.121782221331483
"15",-0.206377380521383,-0.0388150105224739,-0.0990969312984207,-0.0321189587386367,0.0225423353618391,0.104658028442641,-0.0841468801862425,0.207635359473158,-0.0581099055065204,-0.11867966060739,-0.185300383813442,0.0687871853083056,0.161177407052478,0.144635760369416,1,-0.0495373726671159,0.113125930633178,0.0191259352128354,0.00835505085056515,-0.0303451703682172,0.0977111362358142,0.0911707082897671,-0.0312017575679395,0.0635971374337205,-0.0383371374591734,0.0786486792376419,0.126624564096901,0.146330738260897,0.0256917397699491,-0.197774834334459,0.144894858882026,-0.0700687730848679,-0.0580673647968665,0.0241449785913836,-0.127606547442923,0.103603169623919,-0.0828234203807366,-0.0121749837168056,-0.00558505058157699,0.0976111781698196,0.197698300518667,0.0953603613166637,-0.2285342214007,-0.01492646744576,-0.0927056912713375,-0.0728313571189113,0.0771668590306546,0.0772183848362082,0.0609519886772432,0.132279185910753,0.00623796316520354,-0.181026337749919,0.101086240557341,-0.154874424833062,-0.0453290793966778,-0.0251701884243718,0.108743327468446,0.168241696425757
"16",0.144307356846556,0.190876756812902,0.0900679673629292,-0.160793101251854,-0.116609420291383,-0.0432712346052894,-0.0630543677631004,-0.0924308499654996,0.0661878345022204,0.0836184301665305,0.0749735831703894,0.158563020710718,-0.04378612157661,0.0363175318128066,-0.0495373726671159,1,-0.0495886326270039,0.218755357023382,-0.00547425889765464,-0.218169990481316,-0.00772173867053347,-0.067265999635896,0.0488891622547138,0.0475867882247493,0.062637839943742,-0.0855034328670032,0.158803669260088,-0.011782126068343,0.0671175244662614,-0.0986795146155746,0.0457179407981147,0.0617188546611758,0.198424550958705,0.0359664627932872,0.0682899521235435,0.0683380999598582,0.00374177140136199,-0.0812748662087683,-0.00542420897359499,0.0803268093418527,-0.151883965771164,0.0176671743774368,-0.0218383755042538,0.0854257766578234,0.0137921097226412,-0.0486618452627587,-0.160904164566023,0.0163368303326074,-0.0668026305424789,0.108265378309383,0.0119798889903413,0.123387309580124,-0.115888464333621,-0.0318104746943903,-0.0488676789467355,0.0482189476201676,-0.069288945399568,-0.134371115784809
"17",-0.0715705477460034,-0.0049687226961754,0.05912262937596,0.179304183011474,0.220059640472041,-0.0831802835093652,0.176444585841837,0.198171953329068,0.0265758870182319,-0.00838620826532513,-0.14741634238128,-0.114135793791084,0.157231391166442,-0.0254105605912948,0.113125930633178,-0.0495886326270039,1,-0.0601216473669057,-0.0402121612775899,0.0342228073879506,0.0412153562343808,-0.090583577656997,0.175687451238793,0.0136976410595628,-0.0297431574126775,0.149998793393611,0.0272080954350296,-0.00585764782080415,-0.133068676058545,-0.0504002349284265,-0.0174126206524563,0.133823044169268,-0.133719268492162,-0.0384132626939812,0.186169798765855,0.0140588535975041,0.194801608123466,0.0460019531181027,0.0873834139797848,0.0453872229270999,0.106605634777977,0.0535003442621331,-0.170179929739996,-0.0222534559366009,0.106179938694152,0.052579131488575,0.145258170648731,0.0815039098266279,0.265914853280496,-0.109222916050583,-0.263808329632029,-0.181784956982627,-0.1019998812141,-0.146058838913353,-0.103758750132522,-0.0901567325927273,0.159175423320699,0.073211526961841
"18",0.0611976101448629,-0.0574719837333985,-0.126549787044218,-0.0017552825236479,0.0214827258386794,-0.039537500151694,-0.0154173909200474,-0.181058708401649,0.182432076768719,-0.095415680196529,-0.00357631360450646,-0.0195976226579421,-0.0729346739573624,0.213447277116832,0.0191259352128354,0.218755357023382,-0.0601216473669057,1,-0.225812377540101,-0.0219933123940601,0.141401022439443,0.0325916106979194,0.100727580179959,0.253591908166493,0.00614572977509853,0.14784752916383,0.0582785665952546,0.00831607032039664,0.0242865687929729,-0.237257172438395,-0.0605357766320252,0.114962735655882,-0.0922703637455756,-0.101049223776388,0.200197668146582,-0.100799055184222,0.071021212784447,-0.137163269715545,0.0062949959895129,0.0749420726012106,-0.10228674713215,-0.00345779833295253,0.0110740539760208,0.092053296223586,-0.0164491630718167,0.0284977438690691,-0.0857066715053799,0.068227294558141,-0.0453294585824264,0.226984192678789,0.0714842549208313,0.0562531498009579,0.186400129372931,0.0593294314767822,0.0354248075677431,0.0581821284525896,0.116750703057791,0.00103433320107843
"19",-0.116141253346646,-0.0245335868244031,0.0678485465859855,0.0875777917885508,-0.0844180640610649,-0.16706131608857,-0.00646094337130421,0.0141084287742563,-0.201425854137453,-0.0577138655243989,0.0895870464094345,0.0625853009907141,0.0835793035667249,0.235232468673442,0.00835505085056515,-0.00547425889765464,-0.0402121612775899,-0.225812377540101,1,0.022019387782386,-0.134666664778568,0.00152551309007743,-0.0901796193564924,0.0450485907501414,0.15720784576408,0.153135612465549,0.0703552660950593,0.120769279146828,-0.0312567863229801,0.0445065902186356,0.434428211581811,-0.0206908657338188,0.112160322716436,0.0165255511765425,0.0953254263961951,0.22749579693444,0.212051947044764,0.333896992452736,0.2031299109785,0.150900572823245,0.194119298209465,0.192098496755957,-0.070899015896732,-0.201685505982162,0.191531378519355,0.0154016534915799,0.242236233978535,0.329859994301536,0.0152017271674574,0.107749958062858,-0.0948061671700522,0.0137965507454151,-0.00967609108774814,0.00755056991581631,0.095151748887329,-0.118288058561416,0.0487901681084665,0.0776678486071654
"20",0.0698631877798202,-0.0838390428227118,-0.00665447451715761,0.0868691539397243,-0.0325879143409445,0.129585899600421,-0.0164660581200873,-0.0902579171049226,-0.0621096734005697,-0.0507691889765906,-0.0780677711348533,0.0131981581720984,0.0701788070615071,-0.135819956590198,-0.0303451703682172,-0.218169990481316,0.0342228073879506,-0.0219933123940601,0.022019387782386,1,0.116770323347582,-0.106376239000435,0.00521698397004691,-0.0310527770397146,0.116784441794232,0.0844238811808266,0.0826601120658438,0.0718006270459666,-0.0676219493812951,0.0388485761258957,-0.175930126712486,0.131867032592538,-0.00663349343283972,0.0769388136816283,0.0224359593723948,0.115782800643285,0.0931752689692528,0.0371107897252249,0.0795820318931758,0.0184890950794139,0.162055041195089,0.186460174729941,0.0115873190363394,-0.0218585547866316,0.157346247054253,-0.0110247033356507,0.112235992514199,0.189086085555987,-0.00111741928089988,-0.062922805734693,-0.00718833531230077,-0.0624285420680185,0.281156757601821,0.226401180148444,-0.00912796859388858,0.007000701896375,-0.0732826955203922,0.0768642569478237
"21",0.107195528437778,0.0850551658541136,0.061930590525123,-0.149171902579233,0.17904421399345,-0.0700206847588264,-0.0677455647446403,-0.0761114101911153,0.0415667126084465,0.10913057891964,0.0693160240022064,0.0225139209615366,0.0403059106815409,0.0486425918942944,0.0977111362358142,-0.00772173867053347,0.0412153562343808,0.141401022439443,-0.134666664778568,0.116770323347582,1,0.0240730022882669,0.0871091684330049,0.239459666828929,0.226707890314955,-0.0278603567679263,0.0853072623706582,0.0979347473537406,-0.0851405270995337,-0.00284671468933343,-0.0616067254112164,0.093952001912503,-0.088068291234105,0.18059192603962,-0.104328880796775,-0.172465368868775,-0.13379016841694,-0.0256913073362155,0.0843351082634802,-0.00417655799504125,-0.169311488431004,-0.0875656623036094,-0.0308140766031607,0.0757820904582472,0.00391086062233942,-0.0124662330518501,-0.138760377177498,-0.131374687514418,0.23936467826664,0.0405194303952975,0.0326964756883184,0.0598989968646626,0.126054606631926,0.153373198991192,0.0178063772870058,0.150898681794595,-0.15223060411519,-0.118745406502948
"22",0.0227834529511498,0.0447342830220791,-0.0872459358414614,-0.0890810775550332,0.0224381959848353,0.0121115914972781,-0.144395958079082,-0.0684147617855102,0.247971989783462,0.118285556598775,-0.153892612671353,-0.102637572808736,0.00796619593431785,0.0183813263845229,0.0911707082897671,-0.067265999635896,-0.090583577656997,0.0325916106979194,0.00152551309007743,-0.106376239000435,0.0240730022882669,1,-0.129965859051998,-0.0310860072840301,0.00448147001758452,-0.184612960438919,0.0535833601945717,0.0657160734829024,0.162479465633609,-0.0485877207041954,0.0416744069688578,-0.0297925558855943,-0.204076827130866,-0.170929231595825,-0.136598559323747,-0.139403772171112,-0.0128529506122863,-0.00844374494365932,-0.210222854943485,-0.352097904821788,-0.148327192546515,-0.209719901340932,0.0924850516116832,0.0384390841314375,-0.125073439095524,-0.00017465502521968,-0.122338346554609,-0.0474334786006351,-0.0339741040306488,-0.0173217994161383,0.00859739760173657,-0.087970162169305,0.0403698925422442,-0.124475712863285,0.00158614847606393,-0.0959206542932011,0.157004490309206,0.00454287120641636
"23",-0.074975215509082,-0.00977435659583341,0.290341875753807,-0.0154812463139522,0.287837772167382,0.0191524435350276,-0.0778737028738998,0.0884542430683124,0.0867325316213643,0.039170222495562,0.100499728060307,-0.130507435580416,0.0068156651575755,-0.0207672437694015,-0.0312017575679395,0.0488891622547138,0.175687451238793,0.100727580179959,-0.0901796193564924,0.00521698397004691,0.0871091684330049,-0.129965859051998,1,0.278310760686474,-0.189224243298616,-0.0303324112373007,-0.0540117986002594,-0.0369161957090512,-0.0564766648089195,0.0422964139531686,-0.0636363713061319,0.154060927139963,-0.0872472715464513,0.103063794063415,0.06207350806604,0.071310359412035,-0.0188620645362817,0.132542867858087,-0.0744284238549369,-0.0425193153590478,-0.220078961188757,-0.0485362363948456,-0.0171509359721326,0.0617333419929834,-0.085216225674739,-0.0126520364963215,-0.0407666790583762,-0.141701172490424,-0.0293901179564613,0.0148941870331627,-0.00533510850873984,0.0687671854992195,0.0398830647280331,0.0576231427835295,0.0620345122178479,-0.0817464214255091,0.211151120803306,-0.119358686075563
"24",0.070522568267758,-0.0918765399263884,0.101050019438747,-0.0149407118228396,0.116429021903024,0.0445621542438556,0.132172254448454,-0.0746810139139865,0.0945534990808479,-0.0266041610595407,0.127112670716573,-0.097617458726057,0.0121898898157107,0.209679812116263,0.0635971374337205,0.0475867882247493,0.0136976410595628,0.253591908166493,0.0450485907501414,-0.0310527770397146,0.239459666828929,-0.0310860072840301,0.278310760686474,1,0.0690837232956281,-0.0713647852450844,-0.207776800752259,0.0340122494970266,0.0338107014803564,-0.103578692619301,0.107316561732304,-0.0298576154840023,0.0472509411781653,0.129760711029381,0.0968744578355023,-0.15718172084787,-0.154552005185953,-0.0918101697260702,0.108620658193719,0.00356954844405508,-0.0203348395932395,-0.00760117985701598,-0.192620354729574,0.163234631253848,-0.0449085666401686,-0.173597669390121,-0.182543785179352,-0.0252716650601853,-0.0464821308327292,0.231511995354357,0.0636865516200588,0.0772048589548004,0.104368563950544,0.16504704940734,-0.0522155523968136,0.130699174901076,0.0255014837649803,-0.0449194514571377
"25",0.263230204751657,0.0663837219250046,0.116452104102431,0.041962818472879,-0.0821040846318859,-0.0856259394644635,0.0362973348164235,-0.142807577623836,-0.0188741081483778,-0.074129436825332,0.302941986554097,0.113082266337538,0.0119447657060802,-0.0285657564101702,-0.0383371374591734,0.062637839943742,-0.0297431574126775,0.00614572977509853,0.15720784576408,0.116784441794232,0.226707890314955,0.00448147001758452,-0.189224243298616,0.0690837232956281,1,0.0337458144070501,0.141306910990358,-0.00616404191654691,-0.0331838595275878,0.00815073778606319,0.121505302049795,0.0868270772565849,0.263617761499052,0.31316073038098,0.0131797650860392,-0.142247641563861,0.00683756512164343,-0.0746264977760888,0.171214295855219,-0.00209947001516864,-0.018281704980258,0.0802844938484674,0.0878861860523238,0.0558414971012351,0.13413289954084,-0.195445301779037,-0.161365078824891,-0.0130537681359397,0.0479343610745704,0.00163001377946683,0.272942254946348,0.171743885018642,0.18856796900074,0.164721095121369,-0.110770892523987,0.105223838159206,-0.101119342243273,0.0266833882472833
"26",-0.0517914656503975,-0.0735414031555535,-0.138692847433821,0.14240512177752,0.127962071916192,-0.0909064722417563,0.0892872772867994,0.331341985200936,-0.22210877988858,-0.122849133367835,0.06775581076034,0.191358961847499,-0.00509498468164881,0.0898619367296551,0.0786486792376419,-0.0855034328670032,0.149998793393611,0.14784752916383,0.153135612465549,0.0844238811808266,-0.0278603567679263,-0.184612960438919,-0.0303324112373007,-0.0713647852450844,0.0337458144070501,1,0.0542168554635096,0.0282356334627823,-0.0691628248760342,-0.096889073234635,0.0218452077347515,0.0075370734526785,-0.0392749106771756,0.0403576477030365,0.00244750612246621,0.217611606075457,0.0678081676941762,0.193156703275554,0.231549390729324,0.424364900137785,0.153039928374344,0.163196186396539,0.00033107601954044,-0.0943236776843344,0.0807687146599598,0.153396232117855,0.256214717148862,0.118762892537768,0.0319209804285259,0.0367121359245673,-0.0666540937335417,-0.0276716293676804,0.0446241192395454,-0.0475922455634731,0.0564116792709416,0.153299506487769,0.0706891791687061,0.213633226192448
"27",0.105420529604175,0.132366198306231,-0.193837231253616,-0.0737816210137683,-0.0443176046908236,0.10870274954111,0.00151496900922512,0.0168774565719703,0.101179894007596,0.0642583405537297,-0.0708641362271326,0.164983216339473,0.076595325376377,0.142080449433178,0.126624564096901,0.158803669260088,0.0272080954350296,0.0582785665952546,0.0703552660950593,0.0826601120658438,0.0853072623706582,0.0535833601945717,-0.0540117986002594,-0.207776800752259,0.141306910990358,0.0542168554635096,1,0.287357288778869,0.153509025894277,0.0778618589647101,0.105497391877307,0.155553503908438,0.113701754958686,0.0961576710726348,0.127203459505037,-0.00628377597478156,0.0060345251769527,0.0995687535327299,0.117849238485387,0.0896342378716074,-0.0616864051010379,0.0546013021034721,0.053078542570317,0.0652665658361666,0.0677809139985397,0.0501149716061775,-0.0779807339448216,-0.0220222867672533,0.00582595730558761,0.191138711166155,0.207336727196841,-0.0259489591363098,-0.0722556018286947,-0.0400593641191629,-0.00519107158713778,-0.134903688671453,-0.0375371161594628,-0.124927060118692
"28",0.0697483751853351,0.0515358664998607,0.0190247862261541,0.0300616176999174,0.0684626756947902,-0.0337267530322646,0.0103580705652703,-0.0183800034957234,0.0870034101132941,0.0766244030951851,-0.0687509650492917,0.0336908707285487,0.0550292257607038,0.202078120260308,0.146330738260897,-0.011782126068343,-0.00585764782080415,0.00831607032039664,0.120769279146828,0.0718006270459666,0.0979347473537406,0.0657160734829024,-0.0369161957090512,0.0340122494970266,-0.00616404191654691,0.0282356334627823,0.287357288778869,1,0.0032154526626715,-0.066543864191169,0.0664281631062864,-0.00787185659929503,0.0521173753107106,0.145500991176815,-0.0290686790379743,0.143534161798366,0.0494354108022691,0.106850668638394,0.188428885302186,0.114048359883679,0.134965832191332,0.0782608223225672,-0.0797908292603903,0.0547049259944431,-0.0339457473262483,-0.12907516519911,0.0379883401088989,0.112397913742526,0.0716826175447323,0.302648020637628,0.0446542199833824,0.135356549981958,-0.133545233089421,-0.00270979557259486,-0.0373279440552105,0.131497872786938,0.139629022788927,0.0813908058261251
"29",0.154533876554639,0.0868815731993298,-0.0878412264297079,0.0712517781349833,-0.107464787756358,0.202599981863011,0.0747538892789092,0.125099812447511,0.128356357247682,0.0910966783984464,-0.128072104068292,0.12949925546248,-0.0777705817691397,-0.0576931984030824,0.0256917397699491,0.0671175244662614,-0.133068676058545,0.0242865687929729,-0.0312567863229801,-0.0676219493812951,-0.0851405270995337,0.162479465633609,-0.0564766648089195,0.0338107014803564,-0.0331838595275878,-0.0691628248760342,0.153509025894277,0.0032154526626715,1,0.192518058368149,-0.0602707399963564,-0.0202095875337343,-0.0999017821220793,0.0411572409144889,0.0954890656881349,-0.0909933642570016,-0.109792767771386,-0.0527053185582688,0.0101611705792757,0.0178712591471657,-0.130107272353414,-0.120960322611209,0.0971953319579984,0.0115931238295172,0.0299438038368164,0.0152165244422687,-0.182884327049375,-0.154046478896008,-0.138762412969361,0.0174121753451117,0.0497946845876187,-0.116251540654214,-0.0648449516585854,0.0467390552757204,0.0263162910238153,0.00892248197698366,0.026516256629919,-0.169256535236291
"30",0.269642678511624,0.0346763605024,-0.0717621442784996,0.0776352691043577,-0.0292997523357555,0.0897323543200472,-0.156469954688053,-0.0262461979034938,0.0256861982499142,0.239046255364222,0.1102271520226,-0.0557151705739722,0.174869670543502,-0.114048936205702,-0.197774834334459,-0.0986795146155746,-0.0504002349284264,-0.237257172438395,0.0445065902186356,0.0388485761258957,-0.00284671468933343,-0.0485877207041954,0.0422964139531686,-0.103578692619301,0.00815073778606319,-0.096889073234635,0.0778618589647101,-0.066543864191169,0.192518058368149,1,0.121658872986423,0.127668632429712,0.09702159704558,-0.0261456064128115,0.00268984607969717,-0.00286887028698136,-0.155490991129145,0.0542471058461206,-0.170155148403403,-0.00144898638823572,-0.205422291679768,-0.264915503882485,0.146180743276618,-0.13006141382597,0.0385707035840787,0.123665472189366,0.00149277008490849,-0.213694603378816,-0.00243994763798635,-0.142218516695154,0.0299071425896098,0.042038387822082,-0.131419179680384,0.0779125679054925,-0.0582509258069796,-0.110945351738335,-0.213113233399799,-0.3254298974079
"31",-0.0462842448512166,0.0269132199867771,0.0356286573189665,0.118583305045872,-0.0539001034999088,0.0489235888014654,-0.0282580926288237,-0.112190812535577,0.0773438628975189,0.072813989588204,0.142994082268086,-0.0201648897223355,0.201207937548873,0.151659706876044,0.144894858882026,0.0457179407981147,-0.0174126206524563,-0.0605357766320252,0.434428211581811,-0.175930126712486,-0.0616067254112164,0.0416744069688578,-0.0636363713061319,0.107316561732304,0.121505302049795,0.0218452077347515,0.105497391877307,0.0664281631062864,-0.0602707399963564,0.121658872986423,1,0.0807935841301088,0.157485893750932,-0.1279069552416,-0.0560845424588124,0.00118980810817881,0.0999645586298174,0.108931798003857,-0.146497667165364,-0.0716884683063013,-0.0943769919219971,-0.0358844542714803,-0.0286808574133186,-0.225697159444713,-0.0166705439263252,0.00856451360275957,-0.104084199299194,0.114921022213781,-0.0471373504217472,0.0906267125383515,-0.135051140237037,0.0100475225356628,-0.0927482132664853,0.054517448952848,0.102049379044451,0.00420980855894684,-0.0506610633791676,-0.107954063250212
"32",0.173283521361619,-0.219298721476629,-0.106928425462404,0.0462964230357543,0.039361513362978,0.0835766966769589,-0.0490374956159789,-0.162507693534931,0.0429316480431931,0.12739694532226,-0.0424420599244573,-0.0618314112036624,-0.134694961175454,-0.177996064990336,-0.0700687730848679,0.0617188546611758,0.133823044169268,0.114962735655882,-0.0206908657338188,0.131867032592538,0.093952001912503,-0.0297925558855943,0.154060927139963,-0.0298576154840023,0.0868270772565849,0.0075370734526785,0.155553503908438,-0.00787185659929503,-0.0202095875337343,0.127668632429712,0.0807935841301088,1,-0.0346466235522159,0.0548976957653472,0.201133361684966,-0.0966575102789911,0.0592601190498061,-0.0781739089930072,0.0300113145680285,-0.0554729958691925,-0.18112178981998,-0.10783170101527,0.199228345051647,-0.198949006415524,0.0260775100162869,0.135966670588962,-0.138521733806149,-0.123548514558031,-0.0843895708792201,-0.17132426783614,0.120046088744046,-0.0267726059928799,0.0153557611454276,0.185352470897388,-0.0641241233840697,-0.0418315464725685,-0.0395449372526848,-0.077839966748699
"33",0.237893047100452,0.196222706099891,0.121246370177991,0.0565654934887495,-0.0660422144279537,0.0343839962829159,-0.0508442246635256,-0.183599829628695,-0.154296998241394,-0.21596151692704,0.378603544676667,0.309399659936509,-0.00077887106098102,0.116389306891742,-0.0580673647968665,0.198424550958705,-0.133719268492162,-0.0922703637455756,0.112160322716436,-0.00663349343283972,-0.088068291234105,-0.204076827130866,-0.0872472715464513,0.0472509411781653,0.263617761499052,-0.0392749106771756,0.113701754958686,0.0521173753107106,-0.0999017821220793,0.09702159704558,0.157485893750932,-0.0346466235522159,1,0.337610322438003,0.0887925905936436,0.0748143231909738,-0.150797673761857,-0.145497384427965,0.293391250105621,0.0846910065990677,0.0560202624157526,0.154495075797393,-0.0375173749123916,-0.00102010393292703,0.0216511438844261,-0.214417885647867,-0.107954023900236,-0.0846798533916632,0.156833885587434,0.161576914070781,0.293412733503719,0.268652591699124,-0.0992737139553753,0.116653614269646,-0.0732794005332014,0.108654419411855,-0.123893879494117,-0.0492809848010124
"34",0.182419177910667,0.043659404957134,0.174024427676034,-0.00734265579291002,0.159702558986136,0.0839611960730536,0.0718196120524057,-0.0575752956184155,-0.0283707690655059,-0.0380462022000601,0.367932905557724,0.115738949935563,-0.20284108649491,-0.0467520210933396,0.0241449785913836,0.0359664627932873,-0.0384132626939812,-0.101049223776388,0.0165255511765425,0.0769388136816283,0.18059192603962,-0.170929231595825,0.103063794063415,0.129760711029381,0.31316073038098,0.0403576477030365,0.0961576710726348,0.145500991176815,0.0411572409144889,-0.0261456064128115,-0.1279069552416,0.0548976957653472,0.337610322438003,1,0.0324471862515207,0.0168597895384288,-0.055994173400627,-0.0239772196000853,0.358365460717633,0.228911679056106,0.0610043767748244,0.31367732232658,-0.029416029979769,0.0916502259744066,-0.00404731499091575,-0.277256483402131,-0.148035315490943,-0.186164859954094,0.041698045673933,0.242245125644171,0.349507723822342,0.296146558617624,0.185736099884217,0.0574602295041953,-0.14390193961616,0.109274584714894,-0.0761709991167735,-0.0470004321935984
"35",0.0691967637547442,0.0359445599525838,-0.148326311978983,0.0583844269505909,0.0449179168376356,-0.0494498578523027,0.447189024767266,0.0657368303663381,-0.00659811948900245,-0.3864446381208,-0.117936365787114,0.0443728387631645,-0.159924020148017,-0.0403108331220831,-0.127606547442923,0.0682899521235435,0.186169798765855,0.200197668146582,0.0953254263961951,0.0224359593723948,-0.104328880796775,-0.136598559323747,0.06207350806604,0.0968744578355023,0.0131797650860392,0.00244750612246621,0.127203459505037,-0.0290686790379743,0.0954890656881349,0.00268984607969717,-0.0560845424588123,0.201133361684966,0.0887925905936436,0.0324471862515207,1,0.19450693589522,0.159227717595867,-0.0478827686079265,0.0412496923223958,0.00520485276492084,0.0314793731503268,0.0161266953310151,0.0552063306838117,-0.0321713525134876,0.130061280404456,-0.00121758326223211,0.0746118466277631,0.027868518676424,0.00914080041812548,-0.0972614834429897,-0.172831515972978,-0.0889483635777768,-0.141902101686369,0.0387506604482067,-0.10665553607312,-0.206222432530116,0.144177342468335,0.013887919545748
