"","l_Insular.Cortex","r_Insular.Cortex","l_Amygdal.Area","r_Amygdal.Area","l_Bed.Nucleus.of.the.Stria.Terminalis","r_Bed.Nucleus.of.the.Stria.Terminalis","l_Hippocampus","r_Hippocampus","l_Orbitofrontal.cortex","r_Orbitofrontal.cortex","l_Entorhinal.Cortex","r_Entorhinal.Cortex","l_Frontal.Association.Cortex","r_Frontal.Association.Cortex","l_Globus.Pallidus","r_Globus.Pallidus","l_Glomerular.Layer.of.the.Accessory.Olfactory.Bulb","r_Glomerular.Layer.of.the.Accessory.Olfactory.Bulb","l_Glomerular.Layer.of.the.Olfactory.Bulb","r_Glomerular.Layer.of.the.Olfactory.Bulb","l_Granule.Cell.Level.of.the.Cerebellum","r_Granule.Cell.Level.of.the.Cerebellum","l_Hypothalamic.Region","r_Hypothalamic.Region","l_Entorhinal.Cortex","r_Entorhinal.Cortex","l_Vermix.Molecular.Layer.of.the.Cerebellum","r_Vermix.Molecular.Layer.of.the.Cerebellum","l_Lateral.Molecular.Layer.of.the.Cerebellum","r_Lateral.Molecular.Layer.of.the.Cerebellum","l_Anterior.Olfactory.Bulb","r_Anterior.Olfactory.Bulb","l_Posterior.Olfactory.Bulb","r_Posterior.Olfactory.Bulb","l_Subiculum","r_Subiculum","l_Perirhinal.Area","r_Perirhinal.Area","l_PreLimbic.System","r_PreLimbic.System","l_Primary.Cingular.Cortex","r_Primary.Cingular.Cortex","l_Primary.Motor.Cortex","r_Primary.Motor.Cortex","l_Retrosplenial.Cortex","r_Retrosplenial.Cortex","l_Secondary.Cingular.Cortex","r_Secondary.Cingular.Cortex","l_Secondary.Motor.Cortex","r_Secondary.Motor.Cortex","l_Striatum","r_Striatum","l_Ventral.Tegmental.Area","r_Ventral.Tegmental.Area","l_Substantia.Nigra","r_Substantia.Nigra","l_Thalamus","r_Thalamus"
"1",1,0.186736260569172,0.0317457553694773,0.175116859285735,0.215387482440554,-0.20245464243939,-0.0878132614896642,0.0372532915838872,0.309311240687444,0.12986585937089,-0.108192804107289,0.343234165102994,-0.0295343166796032,0.0689893432334294,0.0742261894255682,0.0107645534185576,0.0179910107647781,-0.0528389240691622,0.0933074576681155,0.0239178621336088,0.0258329271529542,-0.11472701365437,-0.036118528449929,0.14504365935511,0.0798881984047576,-0.0721660787120724,-0.0325527445049976,-0.0383023239500114,-0.155040337788102,0.167677883734434,0.0659993392217357,0.152064614981596,0.014355855314981,0.148035157457444,0.00922000193682543,-0.180564451101337,0.0799542909552349,-0.185370838672725,0.0675035824401153,0.091214096907143,-0.0227172322320476,-0.182292605636433,0.0619862130281666,0.0375157750458238,0.0813707498319725,0.0971503656199565,0.061601268032491,0.118001475143907,-0.134499329952444,0.149584053575409,0.193549555796901,0.113846548034149,0.0260171257815702,-0.119258443692077,0.228045512761369,0.0814556990994346,-0.0102272855311742,-0.109765780935994
"2",0.186736260569172,1,0.172431179035235,0.102161345310029,-0.293825049435302,-0.119542177883986,-0.0666766308196663,0.268498606719629,-0.0287090612212301,0.0974403809147914,0.0047462300193862,0.161842940902072,0.040434986363481,0.0464172584226067,-0.0387664993145375,0.0492371104012499,-0.0271467980344593,0.1354375176497,0.0561504421963985,0.124613193321958,0.0404670722145633,-0.0291963999546836,-0.123282848506738,-0.0570785427568988,-0.00813130657986611,0.107075065821125,0.0359724487769105,0.249629178393018,0.0465693365192572,0.0445972669478473,-0.136182853655634,0.170815194746213,-0.096203265849277,-0.00469181021165761,-0.0166919857552476,0.16444392868815,0.035780516936635,-0.0477535451117738,0.0304898980286262,0.061837549859945,0.0598296873091728,0.058446029744642,-0.0922063788955873,0.0574612394517271,0.139287647666097,0.173245097830606,0.0480589300541434,0.0177439946106537,-0.0119237401550413,0.0929991615184879,0.00572754779896217,0.0650488372030876,0.0569868254290831,-0.056329931761146,0.0349474135396703,0.0820734064808071,-0.0954631662728403,0.0352796455769253
"3",0.0317457553694773,0.172431179035235,1,0.136915949274833,-0.18789718948851,-0.0821719859740841,0.0371053640693209,0.202391410563501,-0.0381047047884358,0.0672289119158047,0.468871930118346,0.211138407616065,0.126772259278425,-0.077350960637599,0.10613958029976,-0.0983585779770836,-0.130524675677723,0.0611830044867977,0.0333896480714265,-0.133272300981099,0.0654638148106583,0.00535797795979415,-0.0568721346930288,-0.0732885489861375,0.150213518163888,0.0969432773944657,0.023680488151854,0.108072016501408,0.0285898610967705,0.175835862941073,-0.00524668290759997,0.143367956162327,0.180172770311854,0.193254275340631,-0.0834119679308517,0.138956820985363,-0.0645309818955746,0.103737625047895,-0.0885220296877879,-0.179647741391847,-0.263905015972387,-0.0349818100530955,-0.0161659538138759,0.056135629371489,0.148305506161784,-0.0343981754720369,0.0175884923224241,0.0606717919678386,0.0137901969444293,0.0433042151127771,-0.069054417301571,0.00954778960000239,-0.112499196819338,0.00119827250815325,-0.107513658270722,-0.0651679440543337,0.0449579224737833,0.0925224830667691
"4",0.175116859285735,0.102161345310029,0.136915949274833,1,-0.00684909003296357,-0.0657913987920248,0.00289211174795009,0.145256239706385,0.115882479866629,0.0857182646694212,0.191284009157483,0.0517493163509269,0.06406355039878,0.0700604087951741,-0.0269827162041562,-0.0428890806234662,0.0302837060021005,-0.057048519534371,0.187091417033378,0.0931220530733125,-0.120809664088182,-0.133393885405933,-0.206647335654676,-0.0862181593869493,0.062349796139867,0.0858758698649185,-0.24482195858533,0.00888592127027491,-0.031720408456801,0.0238773073005291,0.071066435150951,0.281484270389035,-0.0879330205957613,0.114906676519579,0.14803515149987,0.0328845236287806,0.0265567339632289,0.00591071516672032,0.148967612940576,0.0557583638801998,-0.252081827990749,-0.179569238590426,0.0783810903577395,0.113069829273131,0.0242991910208179,-0.00201494648482247,-0.0810054385409063,0.0208194307276899,0.126929115589729,0.0209308320197565,0.215700035526826,0.0820363319015275,-0.0225717698724291,0.0325377089772583,0.12350072873887,-0.00473888973485745,0.0544939523495902,-0.0162912902355304
"5",0.215387482440554,-0.293825049435302,-0.18789718948851,-0.00684909003296357,1,0.0667445318238567,-0.122188906222329,0.0239588619466909,0.194044221365492,0.116147863402122,-0.0296882568207469,0.0928151413656033,0.0128070389596546,0.179227611684127,0.0283089080403123,-0.0958871144264717,0.0112953322565406,0.0579646456642817,-0.141119459906704,0.0398779899388872,-0.0490179584203724,-0.129567570185299,-0.0623366967185232,0.133708247933712,-0.0420933082365303,-0.0411939939700854,-0.0673385109409274,-0.0905366573144059,-0.113039218739941,-0.206440322787946,0.073653976407774,0.0267465711373752,0.0408537743636334,0.120495883905638,0.00884904057032221,-0.149192105564169,-0.0905443228171357,-0.0894529402681906,0.101917658002429,-0.0266952691382746,-0.102599122090994,0.0281348294615831,0.0663748900095216,0.00162416018511609,0.00673241609606899,-0.087637435383019,0.0525294865192173,0.127619034992057,0.0419757409386277,0.167240264017817,0.179310073614283,-0.124628249437952,-0.233141213662424,-0.073889168932341,0.0394063006484386,0.00867002909634341,0.210568610950077,-0.143000234469153
"6",-0.20245464243939,-0.119542177883986,-0.0821719859740841,-0.0657913987920248,0.0667445318238567,1,-0.00081441209791879,-0.0303807641650312,-0.270832644857775,-0.0975488297713815,0.103501306738481,-0.0482632379099898,-0.137136168545785,-0.0653256874475164,-0.0200565145933605,0.0624869843212595,0.0628911861717502,-0.173294941394609,-0.219129112208113,-0.0622058506093262,7.93487613188989e-05,0.169844839638415,0.115283525128041,0.0110989310368789,0.0126182307922876,0.0416226004599213,-0.01012163458675,-0.168130159525943,0.123925295855361,-0.0423267713562316,-0.22127213509271,-0.243860122716847,0.00458835866336189,0.0487566029438473,-0.064477069363977,0.0440610112942574,-0.124348229882071,0.0212152291499086,0.0586678646370183,0.140723740288967,-0.0393798592404942,0.0714873332363702,-0.0587230669281876,-0.0461643356060051,-0.160158361516161,0.0315224109475912,0.047940438128444,0.0749680589809409,-0.255823789059197,-0.0702673389438996,0.0530239733030386,0.173390559020272,0.0599334757415763,0.14390210273184,-0.0260311454578632,-0.0787099090215272,-0.109571193429417,0.152130507702037
"7",-0.0878132614896642,-0.0666766308196663,0.0371053640693209,0.00289211174795009,-0.122188906222329,-0.00081441209791879,1,0.00265041246151318,0.111476759565361,0.028742477733451,-0.0758232436929469,0.0879789994946619,0.118673858664526,-0.0257505671034437,-0.217706621919669,0.0681111289610717,0.124267084094933,0.0883617712049844,0.0202447529095054,0.112585703214508,-0.0544458833374393,0.00191285282078602,0.141379461262786,0.0278297701194564,-0.172871884454497,0.109525686120269,-0.109142616858873,0.043772464962615,-0.0192385273840328,0.051933078562715,0.158366966914927,0.119304496454111,0.0498442702210687,0.0646205574901989,0.025934328394537,0.0543223695027283,0.00290844312788669,-0.0394658220813141,-0.0155521031888103,0.096602164921746,0.0697109030508011,-0.00637513260517933,-0.0654678174752769,0.0155851860170288,0.0344343200335724,-0.0380364151870008,-0.0558090482602252,0.0409562534107432,0.0819973179642349,-0.0757653390975162,-0.116392980913304,0.0639990507774261,0.0135565373657345,0.134109395934867,-0.170923217987037,-0.0101751428033313,0.0900924999823014,0.0556130772457196
"8",0.0372532915838872,0.268498606719629,0.202391410563501,0.145256239706385,0.0239588619466909,-0.0303807641650312,0.00265041246151318,1,-0.0797525298729255,0.227880628712809,0.151067176138273,0.0612090646111811,0.134160908856214,0.0860566784680669,0.0233023615637055,-0.0794287545850987,0.00234607488241884,0.177417382339979,-0.0896694570352391,0.102992423730985,-0.151059134368096,-0.151953018477175,-0.0526373075109266,-0.291437130633357,0.0558924643467945,-0.0571811225478919,0.0510774261314847,0.173980611683941,0.118092730944075,-0.169493361425599,-0.106062142700313,0.129639909553476,-0.0937403510299937,0.00114002931529416,-0.0181028129248696,0.288849118377673,0.0921218042312874,0.00686577122242019,0.047452390052277,-0.0164466898324777,0.0614916721752269,-0.0494432649198257,-0.155842452994574,0.0577835344303744,0.255435902604889,0.084902714565847,-0.0495184948154928,-0.034449065430451,0.105403385667431,0.0738291656674059,-0.0513038234982491,-0.201484402695537,-0.0755814006208199,0.131533516381921,0.0250456580544202,-0.101224325120008,-0.0220908253431406,0.191834352566538
"9",0.309311240687444,-0.0287090612212301,-0.0381047047884358,0.115882479866629,0.194044221365492,-0.270832644857775,0.111476759565361,-0.0797525298729255,1,0.12805470012551,-0.081464340505459,0.118126897112151,0.0898541743264385,0.113209638345264,-0.0276331501714211,-0.163478980726637,-0.0141042016811279,-0.00597052060851723,0.184137425937922,0.0680019287513341,-0.145147989650985,-0.102060770529994,0.0421773382021894,0.129705102759765,0.0678061391897466,-0.0355655470101773,0.042070227620715,-0.200936787511496,-0.0185349059872968,0.0304264971623195,0.146688150406783,0.0535540419740545,-0.0370600352933178,-0.0289855797133596,-0.0839849736067528,-0.00485835234137088,0.0688520688265662,-0.0636482342956211,0.00593852289740421,-0.0139657014331444,0.0315860121605719,-0.10673061931878,0.148007691321396,0.183956436614251,0.133337817629656,-0.0142851863706728,-0.131588520032847,-0.120430223257682,0.103336699907671,0.0216184229430819,0.117984021335396,-0.186244057799656,-0.140167510280125,-0.0789662351047485,-0.0536527375287151,0.0769524374884376,0.126507155546596,-0.096181541236282
"10",0.12986585937089,0.0974403809147914,0.0672289119158047,0.0857182646694212,0.116147863402122,-0.0975488297713815,0.028742477733451,0.227880628712809,0.12805470012551,1,-0.0612915037197841,0.0627353751544374,0.00971468710393633,0.0689777808338826,0.0769744735594247,-0.164298760241666,-0.102653714022854,0.143107077594731,-0.00813837790357479,0.140681908772794,0.074831316881362,-0.122072688583653,-0.112338337917382,-0.0364051271305045,0.112494340503916,-0.107756849608223,-0.008292973024865,0.124150926564797,0.0917044812688764,0.0930428239052554,0.0561742023102128,-0.0565316041450488,-0.0378301770526799,-0.0522133592123699,-0.267560846176499,0.129177640797919,-0.0312692663675775,-0.114105992860583,-0.0950890619807283,-0.0609800976310049,-0.0897589378253,-0.023482404452166,0.00493810559206289,0.233637729969462,0.239576577237732,0.118065022316816,0.0520481294620059,0.0405724344872176,0.20483205092357,0.227686547300443,0.152646069462381,-0.149904365388575,-0.00398132708792706,0.109680212627847,0.0701584689097371,-0.0494884659552798,-0.0391294884987937,0.238900078293597
"11",-0.108192804107289,0.0047462300193862,0.468871930118346,0.191284009157483,-0.0296882568207469,0.103501306738481,-0.0758232436929469,0.151067176138273,-0.081464340505459,-0.0612915037197841,1,0.129871876921641,0.219553677927851,-0.185578536901908,0.0341317110626231,-0.089186760013678,0.117471187360525,-0.064412734600491,0.0435067549018732,-0.050764668052495,0.0839168506472709,0.00513991801354181,-0.0405485070721003,-0.221488646221417,0.00236575808418174,0.107952023260508,0.0413022916675169,0.0938216654713172,0.105072543989367,0.0272194202682138,-0.0316687988151918,-0.0278982398126159,0.0241774717370756,0.0713151970279753,-0.0513599139604444,0.125254471912707,-0.123569989480042,0.0256086001042493,0.0020476648436354,-0.0915667852762036,-0.134307057201846,-0.0943876712529867,0.0716076858727788,0.143388149317779,-0.0847916320120677,0.0203563940246254,-0.103286289295432,-0.135592194299975,0.206837195290056,0.0280254058737963,-0.116735850801067,-0.0101396084687086,-0.0589796298552088,0.0956402998715465,-0.112764952014763,-0.0713950769056847,0.00972210373260998,0.00217606084544183
"12",0.343234165102994,0.161842940902072,0.211138407616065,0.0517493163509269,0.0928151413656033,-0.0482632379099898,0.0879789994946619,0.061209064611181,0.118126897112151,0.0627353751544374,0.129871876921641,1,0.18658211498947,0.0920080392993796,0.00227818270871577,0.127924150586492,-0.0535697248087843,0.0877310729382786,0.0802463471320556,0.0427670349056862,-0.191241735564762,-0.053720546227067,-0.0223609371048474,-0.108881499080515,-0.0709956386946395,-0.0654266498938745,-0.0171576957953815,0.214895210080043,-0.0245533583980129,0.0548930527479812,0.150409582525196,0.177618709880562,0.0407470557658389,0.249775360792606,-0.0312579136362515,-0.00034435247826069,0.0147094664148091,-0.0893874012651633,0.15831505333966,0.0708965406888722,0.0829818069450613,-0.00465703684875278,-0.076215236536498,-0.17876873587983,-0.0242131502341571,-0.0554469579163604,0.0264633040606791,0.165976039322044,0.0481233459792415,0.178535462162842,0.0397692133181707,0.196068266673147,-0.0994441034184414,0.0420464625652679,0.0906795768901679,-0.141976341766626,0.0174982229423663,0.0263777830393544
"13",-0.0295343166796032,0.040434986363481,0.126772259278425,0.06406355039878,0.0128070389596546,-0.137136168545785,0.118673858664526,0.134160908856214,0.0898541743264385,0.00971468710393633,0.219553677927851,0.18658211498947,1,0.00878387299295101,-0.0470339332036545,0.0677394263140649,0.22239510940172,0.181061373106749,0.0300401948186244,0.0913502363524344,-0.0627446495790846,-0.0965424029257972,-0.018403130938357,-0.127034571302176,-0.0250630381423345,0.0796744361961579,0.0370693306975689,-0.00436298750941845,-0.0831153919287775,0.0155091123817393,0.169014860102917,0.237057330438463,0.0561220451207678,0.0627124568461325,-0.117654588243265,-0.0459195715398697,-0.00803830243492559,-0.0791745238157379,0.127241316894003,0.0438008401632862,0.00625341011499894,-0.0476109729310797,0.044581196867536,-0.0826239535736393,-0.0367594078411124,0.0321958537075563,-0.257317330909618,-0.198953758152263,0.564600072736967,0.160132903219863,0.0794309282774485,0.00077014639987426,-0.00600164288963318,0.0968602166469451,-0.209528795315773,0.0169451029185689,0.162412989765267,0.0358013800847336
"14",0.0689893432334294,0.0464172584226067,-0.077350960637599,0.0700604087951741,0.179227611684127,-0.0653256874475164,-0.0257505671034437,0.0860566784680669,0.113209638345264,0.0689777808338826,-0.185578536901908,0.0920080392993796,0.008783872992951,1,-0.0107841587694895,-0.0465111668001206,-0.00353243143749191,0.228270841165384,0.0170073810040419,-0.131856425659956,-0.230875337951757,-0.0465965658353828,-0.10573268915382,-0.0229509003349506,0.0736067611994207,0.07912474235106,0.0621729631805059,-0.0131750997178658,-0.11922449160185,-0.145939796477982,0.0618456994465132,0.0579413972231517,-0.0919471170668316,0.124719687530323,0.132989902065505,-0.00099478617989866,-0.0453163648060199,0.244020688600258,0.0312124014736032,-0.00288220174719471,-0.122714825799007,0.17907331690241,-0.0992671286705439,-0.121411998629106,-0.15464255347233,-0.0330400663177193,-0.113464170787035,-0.0139817961445175,-0.0127509985787117,0.509538191721421,0.0213588346404111,-0.0853836086615972,0.00019206407144005,0.116966214537976,-0.149084577440944,0.133340884001333,0.106930992437713,0.0106396461327679
"15",0.0742261894255682,-0.0387664993145375,0.10613958029976,-0.0269827162041562,0.0283089080403123,-0.0200565145933605,-0.217706621919669,0.0233023615637055,-0.0276331501714211,0.0769744735594247,0.0341317110626231,0.00227818270871577,-0.0470339332036545,-0.0107841587694895,1,0.213127737352423,-0.0742459202721686,-0.112913290368334,0.0754020333470978,0.0253118521255506,0.192892341017369,-0.0674882657948806,0.0492231313036944,0.0833264312281024,0.148932348588954,-0.0369754568263249,-0.0387059242196852,-0.118114554914797,0.0639850815411929,-0.0538472721716677,0.0361141270750445,0.00163666069868062,-0.178416708342336,-0.0557514687007574,0.0714924635880313,0.0438249086186556,0.0127661017514578,-0.0766122424034692,-0.288689566928014,-0.408372290204327,-0.072632324761218,-0.0652322929641745,-0.0310622692096122,-0.0160973476356515,0.108698787982477,-0.0597640630644239,-0.0866509105463471,0.0130906585171737,0.113444421627209,-6.29802944938994e-05,0.0802525654121976,-0.178271448010903,0.0313374017535813,0.049674068003235,0.138450177504636,0.150149558974374,-0.0689147407424731,0.0461867546781362
"16",0.0107645534185576,0.0492371104012499,-0.0983585779770836,-0.0428890806234662,-0.0958871144264717,0.0624869843212595,0.0681111289610717,-0.0794287545850987,-0.163478980726637,-0.164298760241666,-0.0891867600136779,0.127924150586492,0.0677394263140649,-0.0465111668001206,0.213127737352423,1,0.0632207759710844,-0.0884764609412065,0.0672424318936403,0.00120877143821073,0.00910581632491282,-0.039551101051945,0.00679011162696588,0.173797197862758,0.0718591320620283,0.142750028797518,-0.0670626307419896,0.00030604289284027,-0.0950051863643927,-0.0557595260789224,0.149026730392892,-0.0571756372905497,-0.108129569542007,-0.0009255299000724,-0.0177040472922109,-0.026571645727195,-0.0175802267975602,-0.186518149273368,-0.058223638883345,-0.106138166285775,0.223119067580668,0.0992098248956768,-0.0916521807191046,-0.337064589786335,0.0273185926348973,-0.0212653238006409,-0.0986687795881856,0.0743404119616,0.0417576930385935,-0.144975130642115,0.00144978954463794,0.135380243501785,0.0769221060785624,-0.0419495201783602,-0.0218614896170809,-0.00062818576992598,-0.0379388643302036,-0.0531154404326446
"17",0.0179910107647781,-0.0271467980344593,-0.130524675677723,0.0302837060021005,0.0112953322565406,0.0628911861717502,0.124267084094933,0.00234607488241884,-0.0141042016811279,-0.102653714022854,0.117471187360525,-0.0535697248087843,0.22239510940172,-0.00353243143749191,-0.0742459202721686,0.0632207759710844,1,0.00027548274966828,-0.0107300129720692,-0.00463934876316139,0.0522375303313891,0.00145955805300163,0.151006660681564,0.0393860857528183,-0.0390671201169371,0.00301356052596709,-0.0252666406858106,-0.0809507319387215,-0.066146902703281,-0.0800067414045405,0.201345138699785,0.0215572626615744,0.16558431770173,0.00940092157979537,-0.0850368244388074,-0.0431223128896734,-0.0427187403698295,-0.159112322349533,0.244699941715268,0.277182700683386,-0.0230326787990822,0.00501415960502654,-0.131669734604056,0.0516927023958729,-0.215098541003003,-0.0894458518391371,-0.148106894054855,-0.274779232268324,0.220238343896681,0.0680174766554803,-0.166754101250236,0.0506501942636395,0.0144888813166224,0.24133268868262,-0.00282035140656234,0.12010794207411,-0.0950997888132645,-0.108945778729944
"18",-0.0528389240691622,0.1354375176497,0.0611830044867977,-0.057048519534371,0.0579646456642817,-0.173294941394609,0.0883617712049844,0.177417382339979,-0.00597052060851723,0.143107077594731,-0.064412734600491,0.0877310729382786,0.181061373106749,0.228270841165384,-0.112913290368334,-0.0884764609412065,0.00027548274966828,1,0.0363964460584515,0.0270611103577221,-0.0372215282376898,0.0337959859763315,0.186996500272854,-0.0963131366702071,0.0354767735994108,-0.122873876064764,0.121826008518093,0.100987486928972,-0.0561009842373766,0.0057901905231533,0.109922346710202,0.355263518881293,-0.052893998607348,0.0468103331829186,-0.0368486588681893,0.0737299216586947,-0.0528268903857445,-0.0364820680821756,-0.0479121948826348,0.0681378462409591,-0.132801282854144,0.0392990249005873,-0.242361774123995,-0.0597275554249693,0.0410687131668113,0.114059858920438,0.0365421099053315,-0.0616620380487015,-0.0176921289285925,0.350713546061869,0.200337580660659,-0.0615841233387059,0.0201038281453219,0.00322813246981004,-0.139174776434094,-0.00354842359707809,0.0364094676406857,-0.0293185383326963
"19",0.0933074576681155,0.0561504421963985,0.0333896480714265,0.187091417033378,-0.141119459906704,-0.219129112208113,0.0202447529095054,-0.0896694570352391,0.184137425937922,-0.00813837790357479,0.0435067549018732,0.0802463471320556,0.0300401948186244,0.0170073810040419,0.0754020333470978,0.0672424318936403,-0.0107300129720692,0.0363964460584515,1,0.150993048615754,-0.128454002111158,0.0295287126308337,0.0232815583778741,0.0147613988650918,0.116478677999062,-0.00682136857067201,0.218170432948136,0.0118242499585954,0.121383788390164,0.176830000331027,0.312985324392734,0.202508852039846,-0.0268764118651964,0.0370553166573113,-0.00748163276644683,-0.133467741679365,-0.0181160023668786,-0.0374120316666611,-0.121725150338749,-0.0601762229916254,-0.0134467494992883,-0.0401661265734013,0.0133174136697301,-0.0311254601756328,-0.0712927027685586,-0.197573050524834,-0.106837356302882,-0.110150777683938,0.0917375597377721,0.0457255191878577,0.0635116159112564,0.0140881483813626,0.116396738495233,0.0329120581727622,-0.059361344171262,0.110007409335831,-0.0641461776492765,-0.0825134080143475
"20",0.0239178621336088,0.124613193321958,-0.133272300981099,0.0931220530733125,0.0398779899388872,-0.0622058506093262,0.112585703214508,0.102992423730985,0.0680019287513341,0.140681908772794,-0.050764668052495,0.0427670349056862,0.0913502363524344,-0.131856425659956,0.0253118521255506,0.00120877143821073,-0.00463934876316139,0.0270611103577221,0.150993048615754,1,0.124546982055329,0.0464218806068949,-0.0566847458078755,-0.0305840333558459,0.0695734530047237,0.0651321692766527,0.0224950189660722,0.227714864623932,-0.0214831742425068,-0.0600386873262105,0.167902509305724,0.434341109845616,0.0181584656200537,-0.0791257829673631,-0.0710746686227491,-0.0146943158751512,0.0390122422721775,0.00307614182001371,-0.180637769507424,-0.128801171847527,0.0655334922647425,-0.0851237349973951,0.128101220871502,0.0103397558500569,0.10242206870304,-0.12101824359929,-0.116745269897301,-0.0434564615033798,0.250010152433574,0.0961380031177338,0.0374615184375149,0.0350518730152979,-0.0535995410098458,-0.0245475380062829,0.00330268526554315,0.13054023413853,0.0505806554774546,0.127914684820735
"21",0.0258329271529542,0.0404670722145633,0.0654638148106583,-0.120809664088182,-0.0490179584203724,7.93487613188989e-05,-0.0544458833374393,-0.151059134368096,-0.145147989650985,0.074831316881362,0.0839168506472709,-0.191241735564762,-0.0627446495790846,-0.230875337951757,0.192892341017369,0.00910581632491282,0.0522375303313891,-0.0372215282376898,-0.128454002111158,0.124546982055329,1,-0.0724420223394954,-0.0268371151336507,0.0266352780170594,0.0162957837269599,0.261407654486612,-0.00883606458415649,-0.0162250804417316,0.0791541938238815,0.0997041710184298,-0.0831084294848204,-0.0621107045535042,-0.0143479544842932,-0.12837785942897,0.0337888255100172,-0.116097016119844,0.0530362166008431,-0.135784149343917,-0.11785925014776,-0.174935509423107,-0.0354926690756596,0.0734761311734198,-0.0855114282657699,0.196559674324447,-0.0571862158743654,-0.0603649530096,-0.0749248722094483,-0.0949170646207645,0.174280652448783,-0.0108871045082252,0.0118637677367913,0.124758384484933,0.0165041631025368,-0.0215222087823619,0.0218799905034461,0.267897346218016,-0.0583058521059251,0.0509120686853935
"22",-0.11472701365437,-0.0291963999546836,0.00535797795979415,-0.133393885405933,-0.129567570185299,0.169844839638415,0.00191285282078602,-0.151953018477175,-0.102060770529994,-0.122072688583653,0.00513991801354181,-0.053720546227067,-0.0965424029257972,-0.0465965658353828,-0.0674882657948806,-0.039551101051945,0.00145955805300163,0.0337959859763315,0.0295287126308337,0.0464218806068949,-0.0724420223394954,1,0.174066376406927,-0.151385947933799,0.107461585114509,-0.171420765239547,0.175549368215791,0.11677529058475,-0.0155845716188552,0.292789776478774,-0.110373002013489,0.122742611622165,-0.0634721586152779,0.042064018788607,-0.164440693147426,-0.0163712894411945,-0.264930971353795,0.0166685324454581,0.0196056639942551,0.112385701256903,0.0540646108324803,0.0385719909268734,0.0140436251973985,0.0504813550521237,-0.0281995159186911,-0.118807594613984,0.0218777954862392,0.0104675588118144,-0.0712249647744829,0.0176062207160616,0.0334087401299368,-0.0699184642534198,0.0120937821689524,0.0389371925682587,-0.00920692840522423,-0.0432814211477005,-0.142995864024846,-0.00730375885901161
"23",-0.036118528449929,-0.123282848506738,-0.0568721346930288,-0.206647335654676,-0.0623366967185232,0.115283525128041,0.141379461262786,-0.0526373075109266,0.0421773382021894,-0.112338337917382,-0.0405485070721003,-0.0223609371048474,-0.018403130938357,-0.10573268915382,0.0492231313036944,0.00679011162696588,0.151006660681564,0.186996500272854,0.0232815583778741,-0.0566847458078755,-0.0268371151336507,0.174066376406927,1,0.290816256527234,0.0496605815819368,-0.0127752831568751,0.125697845794548,0.0601693150276339,0.306181440661028,0.0605205962032347,-0.04139051509496,-0.0692096353511786,0.0754180153382283,0.145102300605429,0.0252167372043865,-0.0148522871173361,0.0357296352289489,-0.102597956097413,-0.0222885563016273,0.190349717125993,0.110600092299435,0.088989765560554,-0.0730226402115804,-0.0561358193338727,-0.0486432156256671,0.0116816742816617,0.148567446941903,0.0832185530194523,-0.107652092294805,0.0299230976643787,-0.0651257185262467,-0.0601671579018309,0.0928363002509353,0.0416595304996491,-0.0315548884088341,-0.0792624432427198,-0.199428143815208,-0.0886840305253018
"24",0.14504365935511,-0.0570785427568988,-0.0732885489861375,-0.0862181593869493,0.133708247933712,0.0110989310368789,0.0278297701194564,-0.291437130633357,0.129705102759765,-0.0364051271305045,-0.221488646221417,-0.108881499080515,-0.127034571302176,-0.0229509003349506,0.0833264312281024,0.173797197862758,0.0393860857528183,-0.0963131366702071,0.0147613988650918,-0.0305840333558459,0.0266352780170593,-0.151385947933799,0.290816256527234,1,4.59054712992119e-05,0.191653085253857,-0.127033674482371,-0.125964511292745,0.0325769717418792,-0.0878910250216256,0.0742351109613018,-0.055110353417045,0.125517963505238,0.0832148699368783,0.0613096144324488,-0.262166970389155,-0.0620344601728422,-0.0775623341304811,-0.0616371555920947,0.0701738034031499,0.0292887328511518,-0.0147806878533035,0.0754417655197033,-0.0972930003186801,-0.0355410166349676,-0.151489932298244,0.227865878646086,0.146653045734321,-0.142884287284877,-0.0869282985075733,-0.0719194038163313,0.0161695914213874,0.0485448461836288,0.0223119786336279,0.098771443700628,0.0230141739490238,-0.0209639759519369,-0.183370197657616
"25",0.0798881984047576,-0.00813130657986611,0.150213518163888,0.062349796139867,-0.0420933082365303,0.0126182307922876,-0.172871884454497,0.0558924643467945,0.0678061391897466,0.112494340503916,0.00236575808418174,-0.0709956386946395,-0.0250630381423345,0.0736067611994207,0.148932348588954,0.0718591320620283,-0.0390671201169371,0.0354767735994108,0.116478677999062,0.0695734530047238,0.0162957837269599,0.107461585114509,0.0496605815819368,4.59054712992119e-05,1,-0.103737864708103,0.191462530989554,-0.044938994397265,0.0121494886767438,0.0852099104180857,0.124887051204168,0.0053289013072261,0.109144182737634,-0.0654949073220334,-0.00201355775995526,-0.0257597672522946,-0.125063457857978,0.073484560585584,-0.070289656056554,0.0370436214380144,0.0684220832121533,0.124405102392193,-0.0114796458126228,-0.0466002354574198,-0.00402793138889208,-0.124598896787159,0.0415365143050755,-0.00553889918417207,-0.134054094606082,0.120910466479112,0.135447248375422,-0.0663795390350588,0.0689643053456391,-0.00644972695994449,0.00490161804142843,-0.0889861333244608,-0.0372142431158488,0.011889854014444
"26",-0.0721660787120724,0.107075065821125,0.0969432773944657,0.0858758698649185,-0.0411939939700854,0.0416226004599213,0.109525686120269,-0.0571811225478919,-0.0355655470101773,-0.107756849608223,0.107952023260508,-0.0654266498938745,0.0796744361961579,0.07912474235106,-0.0369754568263249,0.142750028797518,0.00301356052596709,-0.122873876064764,-0.00682136857067202,0.0651321692766527,0.261407654486612,-0.171420765239547,-0.0127752831568751,0.191653085253857,-0.103737864708103,1,0.0172961400697852,0.00443620155568753,0.0599393580141438,0.0935136525749765,-0.0216607554901071,-0.0404212790314003,0.0556657298734674,0.262034146598686,0.172130353296491,0.122713833977909,0.12250475048909,0.18850644849553,-0.0296376868970711,-0.0978163675098496,0.0542178169998971,-0.0653545413303873,-0.0073806299172447,-0.0337390867066915,-0.176020285624466,0.0430086030453916,-0.101935952650533,-0.0369557919481841,0.0771049496902867,-0.0653135100947478,-0.157665460683733,0.178598803007158,-0.00184222724402299,0.0476657115397334,-0.321337582965292,0.0298308568550225,-0.0435531982533709,-0.0654433974770029
"27",-0.0325527445049976,0.0359724487769105,0.023680488151854,-0.24482195858533,-0.0673385109409274,-0.01012163458675,-0.109142616858873,0.0510774261314848,0.042070227620715,-0.008292973024865,0.0413022916675169,-0.0171576957953815,0.0370693306975688,0.0621729631805059,-0.0387059242196852,-0.0670626307419896,-0.0252666406858106,0.121826008518093,0.218170432948136,0.0224950189660722,-0.00883606458415649,0.175549368215791,0.125697845794548,-0.127033674482371,0.191462530989554,0.0172961400697852,1,-0.0323664119368404,0.129250824945937,0.236551098500249,-0.100278673600647,0.00630461220567008,-0.0133628110084035,0.134508847929029,-0.102202423039634,-0.0381988371758785,0.0472443974602843,-0.0374195198219611,-0.14069124036232,0.0128371770635199,0.0845310918487872,0.125731224144119,-0.0248877064717243,-0.109126570468747,-0.110686581099341,0.00759599455741501,-0.111797974852494,-0.0615868805530047,-0.0987346153437329,0.207821087361259,-0.244606632303781,-0.151996669054608,-0.0240835265578911,0.0223048196707271,-0.156329535256926,0.193434846966467,-0.00294446393259671,-0.097745166687581
"28",-0.0383023239500114,0.249629178393018,0.108072016501408,0.00888592127027491,-0.0905366573144059,-0.168130159525943,0.043772464962615,0.173980611683941,-0.200936787511496,0.124150926564797,0.0938216654713172,0.214895210080043,-0.00436298750941845,-0.0131750997178658,-0.118114554914797,0.00030604289284027,-0.0809507319387215,0.100987486928972,0.0118242499585953,0.227714864623932,-0.0162250804417316,0.11677529058475,0.0601693150276339,-0.125964511292745,-0.044938994397265,0.00443620155568753,-0.0323664119368404,1,0.121722333493111,0.0350567114502334,-0.0621309188030092,0.0831436108747169,-0.00725615636537237,0.024847567652532,0.0473123241596791,0.0178372409758499,-0.0875824366288548,0.0556698236913596,0.0510432168818249,0.137660329375333,0.0117733268031421,0.0658962711271759,-0.064642876405888,0.0754564768491797,0.251316432203186,0.154173536163001,0.0939936671815665,0.187266731359897,0.0942138740504827,0.142762061800693,0.00968709311799463,-0.0940576720222937,0.197981334947302,0.0904394760858763,0.0314493397704364,-0.00256231880203297,-0.0903861097576352,0.301619194028979
"29",-0.155040337788102,0.0465693365192572,0.0285898610967705,-0.031720408456801,-0.113039218739941,0.123925295855361,-0.0192385273840328,0.118092730944075,-0.0185349059872968,0.0917044812688764,0.105072543989367,-0.0245533583980129,-0.0831153919287775,-0.11922449160185,0.0639850815411929,-0.0950051863643927,-0.066146902703281,-0.0561009842373766,0.121383788390164,-0.0214831742425068,0.0791541938238815,-0.0155845716188552,0.306181440661028,0.0325769717418792,0.0121494886767438,0.0599393580141438,0.129250824945937,0.121722333493111,1,0.12754860193135,0.0281667357585937,-0.181658389711294,-0.079398141983502,-0.0444731442485948,0.102658179204361,-0.00106252715871319,0.174104137325912,0.0209286684951269,-0.0489278097143279,0.173706425795238,0.137279462963816,0.0210494751356796,-0.0989494094931691,-0.00520953678510592,-0.0147207296966032,0.157498824301681,-0.0104066098675927,0.0679855967734553,0.0128646939586341,-0.0218926198073255,-0.164807977003155,-0.0270816210275982,0.0755332833282833,-0.0301698654524525,-0.0338990738523474,0.10768418809375,-0.172916681634261,0.115675920766647
"30",0.167677883734434,0.0445972669478474,0.175835862941073,0.0238773073005291,-0.206440322787946,-0.0423267713562316,0.051933078562715,-0.169493361425599,0.0304264971623195,0.0930428239052554,0.0272194202682138,0.0548930527479812,0.0155091123817393,-0.145939796477982,-0.0538472721716677,-0.0557595260789224,-0.0800067414045405,0.0057901905231533,0.176830000331027,-0.0600386873262105,0.0997041710184298,0.292789776478774,0.0605205962032347,-0.0878910250216256,0.0852099104180857,0.0935136525749765,0.236551098500249,0.0350567114502334,0.12754860193135,1,-0.0693347182614992,0.106328900684902,0.168357265354439,0.213079347280394,-0.0884390207057027,-0.138565867171356,0.0207779384091155,-0.0823589859004551,0.0116136262919527,0.0892636584965883,-0.234440477875376,-0.20684922732338,-0.205625394584239,0.0992490734680087,0.034546197394684,0.0538492438544449,0.048323820833642,-0.0123079362346647,-0.22407194731721,0.00994910666653325,0.138577241653091,0.120473362537654,0.241977062087359,0.057288833966899,-0.241318574547442,-0.0301706567385388,-0.0655322090997234,0.0122845119417173
"31",0.0659993392217357,-0.136182853655634,-0.00524668290759997,0.071066435150951,0.0736539764077741,-0.22127213509271,0.158366966914927,-0.106062142700313,0.146688150406783,0.0561742023102128,-0.0316687988151918,0.150409582525196,0.169014860102917,0.0618456994465132,0.0361141270750445,0.149026730392892,0.201345138699785,0.109922346710202,0.312985324392734,0.167902509305724,-0.0831084294848204,-0.110373002013489,-0.04139051509496,0.0742351109613018,0.124887051204168,-0.0216607554901071,-0.100278673600647,-0.0621309188030092,0.0281667357585937,-0.0693347182614992,1,0.226673117382254,0.138371724870163,0.0334292337773234,-0.0987298279301182,-0.136983837971441,-0.128882639692401,0.00046451927843583,0.098971817133923,0.0891705774636854,-0.0140786385725773,-0.00233370521902555,0.0490808753226438,-0.242347196135477,-0.0833734611490306,-0.229633085255467,-0.215975910103288,-0.115835740127119,0.149551549269376,0.113753862639608,-0.0256285791708029,-0.0793266938286303,-0.063742874610058,-0.0665742368399398,-0.0651231824623104,0.0323132747900735,0.109234569342827,-0.111462071802633
"32",0.152064614981596,0.170815194746213,0.143367956162327,0.281484270389035,0.0267465711373752,-0.243860122716847,0.119304496454111,0.129639909553475,0.0535540419740545,-0.0565316041450488,-0.0278982398126159,0.177618709880562,0.237057330438463,0.0579413972231517,0.00163666069868062,-0.0571756372905498,0.0215572626615744,0.355263518881293,0.202508852039846,0.434341109845616,-0.0621107045535042,0.122742611622165,-0.0692096353511786,-0.055110353417045,0.0053289013072261,-0.0404212790314003,0.00630461220567008,0.0831436108747169,-0.181658389711294,0.106328900684902,0.226673117382254,1,-0.00250871867175225,0.215845522420112,0.0167279644180661,-0.037616905697864,-0.238514753526249,-0.0547534887458312,-0.0231142411708785,-0.0690155685201206,-0.208647590415462,-0.308142088516914,0.128088481641168,0.0171793980523676,0.160456745937607,-0.0800861326592104,-0.0236083490579342,-0.04557352694176,0.172675326727705,0.138619822362499,0.143691452293437,-0.0491813993480135,-0.0294528576204889,-0.0083074269173702,-0.115816152701378,0.0941072727739059,0.302877141651808,0.0765165414154972
"33",0.014355855314981,-0.096203265849277,0.180172770311854,-0.0879330205957613,0.0408537743636334,0.00458835866336189,0.0498442702210687,-0.0937403510299937,-0.0370600352933178,-0.0378301770526799,0.0241774717370756,0.0407470557658389,0.0561220451207678,-0.0919471170668316,-0.178416708342336,-0.108129569542007,0.16558431770173,-0.052893998607348,-0.0268764118651964,0.0181584656200537,-0.0143479544842932,-0.0634721586152779,0.0754180153382283,0.125517963505238,0.109144182737634,0.0556657298734674,-0.0133628110084035,-0.00725615636537237,-0.079398141983502,0.168357265354439,0.138371724870163,-0.00250871867175225,1,0.270377228610599,-0.0797591368527306,-0.143417136847747,-0.124740103036394,0.0130085475687446,0.233150850269036,0.15302826393177,-0.253228507272953,-0.0515781705916775,-0.00158530051233919,0.022421364938573,-0.160713538536856,-0.036425648903371,0.0592987730623351,0.0288853737263684,-0.149824477718866,-0.124027964710733,0.0214398611617816,0.00825907032217241,-0.157806016551654,0.132051436744948,0.00861144767833761,-0.00209963348654254,0.0232097596420319,-0.05086166209779
"34",0.148035157457444,-0.00469181021165761,0.193254275340631,0.114906676519579,0.120495883905638,0.0487566029438473,0.0646205574901989,0.00114002931529416,-0.0289855797133596,-0.0522133592123699,0.0713151970279753,0.249775360792606,0.0627124568461325,0.124719687530323,-0.0557514687007574,-0.0009255299000724,0.00940092157979537,0.0468103331829186,0.0370553166573113,-0.0791257829673631,-0.12837785942897,0.042064018788607,0.145102300605429,0.0832148699368783,-0.0654949073220334,0.262034146598686,0.134508847929029,0.024847567652532,-0.0444731442485948,0.213079347280394,0.0334292337773234,0.215845522420112,0.270377228610599,1,0.0369295286859037,-0.140050346701857,-0.0666136901444397,0.0408458361073478,0.0805460382100108,0.133556837688686,-0.130747448614896,-0.134436551341526,-0.0409923251593261,-0.151531928142739,-0.167031700315084,-0.0660141823246712,-0.019694015805063,0.176739740113191,-0.183371061766849,0.0594766465352402,0.181403057017875,0.142323244535302,-0.130057636518705,0.0915672543083002,-0.0840695594125083,-0.110349320859149,0.00922573516295313,-0.117175187922459
"35",0.00922000193682543,-0.0166919857552476,-0.0834119679308517,0.14803515149987,0.00884904057032221,-0.064477069363977,0.025934328394537,-0.0181028129248696,-0.0839849736067528,-0.267560846176499,-0.0513599139604444,-0.0312579136362515,-0.117654588243265,0.132989902065505,0.0714924635880313,-0.0177040472922109,-0.0850368244388074,-0.0368486588681893,-0.00748163276644683,-0.0710746686227491,0.0337888255100172,-0.164440693147426,0.0252167372043865,0.0613096144324488,-0.00201355775995526,0.172130353296491,-0.102202423039634,0.0473123241596791,0.102658179204361,-0.0884390207057027,-0.0987298279301182,0.0167279644180662,-0.0797591368527306,0.0369295286859037,1,-0.0933123105081774,0.204320169460504,0.203793987099401,0.036152739641851,-0.0475878942910735,-0.0669546863467149,-0.0127526867748591,-0.0682541386373604,-0.027726630778138,-0.0829713761826126,0.0403534914053082,0.0820969009314138,0.178721684501614,-0.0207879408308338,-0.113525184292295,0.0888685399675346,0.139318848045367,0.14472314441747,0.0612131422552233,-0.124001859614742,-0.0156404611194041,0.0626062545111718,-0.119757453473439
