"","l_Insular.Cortex","r_Insular.Cortex","l_Amygdal.Area","r_Amygdal.Area","l_Bed.Nucleus.of.the.Stria.Terminalis","r_Bed.Nucleus.of.the.Stria.Terminalis","l_Hippocampus","r_Hippocampus","l_Orbitofrontal.cortex","r_Orbitofrontal.cortex","l_Entorhinal.Cortex","r_Entorhinal.Cortex","l_Frontal.Association.Cortex","r_Frontal.Association.Cortex","l_Globus.Pallidus","r_Globus.Pallidus","l_Glomerular.Layer.of.the.Accessory.Olfactory.Bulb","r_Glomerular.Layer.of.the.Accessory.Olfactory.Bulb","l_Glomerular.Layer.of.the.Olfactory.Bulb","r_Glomerular.Layer.of.the.Olfactory.Bulb","l_Granule.Cell.Level.of.the.Cerebellum","r_Granule.Cell.Level.of.the.Cerebellum","l_Hypothalamic.Region","r_Hypothalamic.Region","l_Entorhinal.Cortex","r_Entorhinal.Cortex","l_Vermix.Molecular.Layer.of.the.Cerebellum","r_Vermix.Molecular.Layer.of.the.Cerebellum","l_Lateral.Molecular.Layer.of.the.Cerebellum","r_Lateral.Molecular.Layer.of.the.Cerebellum","l_Anterior.Olfactory.Bulb","r_Anterior.Olfactory.Bulb","l_Posterior.Olfactory.Bulb","r_Posterior.Olfactory.Bulb","l_Subiculum","r_Subiculum","l_Perirhinal.Area","r_Perirhinal.Area","l_PreLimbic.System","r_PreLimbic.System","l_Primary.Cingular.Cortex","r_Primary.Cingular.Cortex","l_Primary.Motor.Cortex","r_Primary.Motor.Cortex","l_Retrosplenial.Cortex","r_Retrosplenial.Cortex","l_Secondary.Cingular.Cortex","r_Secondary.Cingular.Cortex","l_Secondary.Motor.Cortex","r_Secondary.Motor.Cortex","l_Striatum","r_Striatum","l_Ventral.Tegmental.Area","r_Ventral.Tegmental.Area","l_Substantia.Nigra","r_Substantia.Nigra","l_Thalamus","r_Thalamus"
"1",1,0.293724815369312,0.0601182215763165,0.0134373519949591,-0.18502238360001,0.0989742549088843,-0.0197998498621855,-0.0437350794246772,0.365438532988583,0.156545952639654,-0.0009629392540753,0.172461638663334,0.1425112880557,-0.0936371860990679,0.0634476591038663,-0.0183171329403005,-0.0482548437561058,0.0275110093703871,0.0953463656343578,0.184590001592988,-0.0129326378020632,0.208762219367837,0.0733082132905062,-0.0111467005911764,0.0631392495901318,0.150909593143238,0.136576122790547,-0.0508090696434353,-0.0542336885394666,0.0417516002119662,-0.124067962690788,0.0397167943482842,0.2207748959523,0.122230381700525,-0.322686539024265,-0.133389857824906,-0.232864382427539,-0.0739520366352623,0.129363308752183,0.22232597372299,-0.080934377012774,-0.143036870320552,-0.0525505044433358,0.12949787985079,-0.127271199373718,-0.166763669547893,-0.0592765082358497,0.0237828212771977,-0.00157411993837199,-0.0829834621956759,0.131802950719796,0.264304030870895,0.173117088763172,0.00258524039779443,0.354707318137583,0.0781723354435422,-0.179259067878709,-0.134489793398604
"2",0.293724815369312,1,0.0444395758693644,0.132293975479688,-0.0392205307498603,0.0853397323777443,0.106856506041278,0.196735489858163,0.343428074084319,0.149407585051533,0.0172071924268338,0.257095920848345,0.0904989962722811,0.123822522512068,0.139120242081425,0.0166107338271914,-0.0730287825968921,-0.0993156598329254,0.0188670690364124,0.101989486784866,0.16644905484754,0.127643558018672,0.0341556460761547,0.111544532011726,0.19190593777282,-0.0304246264003011,0.160523038797391,-0.0486253505135577,0.0140786131951073,0.115092697841722,0.00025615007387854,-0.0361929772742025,0.173690319389434,-0.222144925074907,-0.0734521654603008,0.0264854165964272,-0.0897012910444232,-0.0370089659319121,-0.0164269709502748,0.0668445846986164,-0.111791053587605,-0.113317709732569,-0.00402207927698936,0.14024845146147,0.183035566602504,-0.0485410676621825,-0.079319333355514,-0.0737871714003739,-0.124129930706374,-0.212292138551014,0.101950373813253,0.143390761365023,0.0736656110073422,0.100877604480726,0.0771384855169453,0.0648464238385294,-0.20814096021145,-0.130530151848344
"3",0.0601182215763165,0.0444395758693644,1,0.106464779776111,-0.0775391956364616,0.0813711567172205,0.00352865923993503,0.113953744207558,0.0310031498692119,0.00440000423302634,0.113284002670626,0.0936054464161106,0.0719747588116448,0.0500169721453392,-0.223419132834683,0.0666693625915264,0.111635554246783,0.102000663088136,0.00431272473296623,0.167351307655199,-0.00346844951282918,0.095271628650441,0.0619728622280323,-0.0817404309295665,0.106687627457729,-0.00972978119843672,-0.0305939484295234,0.0275363492588405,0.0546027657898238,0.0540361470303547,-0.0276966914636209,0.103451577255589,0.178304267725171,0.0977294087464184,0.0237589587032745,0.104202181575323,-0.0552084117933258,-0.103902107261546,0.174799940079873,0.122062928340253,-0.0453870702974391,-0.15436089589049,0.104435677743668,-0.132618713328345,-0.172043334657101,-0.0854391978544961,-0.0199768147549654,-0.104742168330727,-0.00869451984480774,0.0917193977951454,0.0856662098425261,-0.0274488976769713,0.0825718255697934,-0.350338170600914,-0.143844910800897,0.199881696073922,0.268421984282538,0.0307651266915107
"4",0.0134373519949591,0.132293975479688,0.106464779776111,1,0.0504858592606438,0.0789052261883261,-0.113371604169104,0.300001161364877,0.084477607950819,-0.00240308093739362,0.0981670518732116,0.296928551698726,-0.0120587360985886,0.135424211253658,0.161974183444144,-0.104309337096309,0.101272571108667,-0.17144527855725,-0.0912573364464574,-0.190525513177557,0.129076117511416,-0.0699089003760514,0.0367153496035798,-0.00770401933242016,0.0689268803708601,-0.0325518704214453,-0.162687706081,0.00523601517459751,-0.0472937176843383,0.156240521150058,-0.127383235275307,-0.207922048038672,-0.022970726367781,-0.132635423132643,-0.162428550495609,-0.104440989535145,-0.0305900014213468,-0.172030120672533,-0.080919447817466,0.0949117266011791,-0.0162973072669284,-0.0404820062286576,-0.0337297175317976,-0.0592422603543175,-0.0838870971021927,-0.119024843437085,-0.102782386283943,0.0491357566313133,0.011825644126033,-0.109876772916214,-0.0104863409589964,-0.0045857109410736,0.00349016090036124,-0.129380458082691,-0.241741439225092,0.0764681628576615,0.0648231472099034,0.157612399735788
"5",-0.18502238360001,-0.0392205307498603,-0.0775391956364616,0.0504858592606438,1,0.0996273784714128,-0.0214216491252055,0.0448020725609107,-0.00955689844039141,-0.0951732649714339,0.165796589295416,-0.10748139249027,-0.0579458909801434,0.04952546970021,0.0526359851448525,-0.0704165870122556,-0.187423983939661,0.132920902065201,-0.0379462867468157,0.0194508272125175,-0.0686812454546921,0.0331483067026453,0.0308702386681585,-0.0597224157801429,0.189117130850926,-0.200939058461364,-0.0769720032223602,-0.0182426418048767,0.0864987880261353,0.0418011345309682,0.0343892116947741,-0.0547409013326993,-0.0148129606996237,0.138417825453288,0.0302663329706123,0.0139502797419065,0.0254792793961998,-0.0134779304379042,0.0616758832206542,-0.0950156792231203,-0.141268727681426,-0.105980778609492,-0.0839398202188842,-0.141654914124522,-0.116521652751649,-0.178077926956577,0.196223322185343,0.00922198589207764,-0.18480200608279,-0.0241189249965198,0.0364970543222717,0.118160413530634,-0.128206573187985,0.105827016649213,-0.108710994761646,0.0179488888281589,0.176113077877094,0.277924039386757
"6",0.0989742549088843,0.0853397323777443,0.0813711567172205,0.0789052261883261,0.0996273784714128,1,-0.103976511813995,-0.00185493918007572,-0.00777925610750811,0.0366285732203187,0.080889774690362,0.140139040495989,0.23084885464127,-0.132120710280628,-0.068063939137072,-0.0711350834443162,0.00041935401499784,-0.0275097236931275,0.131171556708977,0.0406677665927078,0.0670705290737818,-0.100258591731018,-0.0382217226275835,0.0801411237411382,-0.00279028864081123,0.10425809941245,-0.0209283526907158,0.0304354947973268,-0.0805607689058601,0.189226935872915,-0.0240835141577632,0.155498247558949,0.0503992983046259,0.172690209422154,-0.208914488335102,0.0860261884922388,0.0583128975609336,-0.12606539569814,0.228870143004101,0.0228223825110393,0.154120828450541,-0.0628169037735783,0.0342932793303024,-0.110709740174595,0.0408963003217112,0.0585422530784381,-0.194353910875848,-0.0167965551608924,0.0236394009466511,-0.265171591087664,0.145491492131117,0.267568735308699,-0.157813786827758,0.0350591647621713,0.0160208950920483,-0.0983227484632292,0.123047329863297,0.00326837097991234
"7",-0.0197998498621855,0.106856506041278,0.00352865923993503,-0.113371604169104,-0.0214216491252055,-0.103976511813995,1,0.185772689438689,-0.0304624812343466,-0.15639510644773,-0.173907798944679,0.0316559708539624,-0.0135763533061596,-0.0179960757837558,0.0700974116554745,-0.0617845418036058,0.0802612496993167,0.0778757949455532,-0.130986401493484,0.0819629344904537,-0.126040114927802,0.0790814429628294,-0.0548752460057041,-0.0674175757285937,0.204506419763056,-0.0800082933300302,0.00986644263643787,0.095423387613998,0.108757302099128,-0.0984773459359262,-0.0753358397068418,-0.037133655945871,-0.188949288561351,-0.0449878257781355,0.219232342591726,-0.0851249198226063,0.203903234730502,0.029411949040961,-0.327616237227047,-0.299323692931797,-0.124737010016838,0.0242033358570353,0.024443574057985,0.101078622113881,0.00659712586908879,0.0253452649669889,-0.0353993412004977,-0.00395626369150034,0.100143239613332,-0.0232480897358465,-0.185835193704834,-0.0485280749967396,0.0153779230951193,0.0431756068485031,0.10522422015055,0.174386106412751,0.0499353205258724,-0.108310256097549
"8",-0.0437350794246772,0.196735489858163,0.113953744207558,0.300001161364877,0.0448020725609107,-0.00185493918007572,0.18577268943869,1,0.132447666454868,-0.0393658598939716,0.0379567251116926,0.0496128311853133,0.0448247162315158,0.0519985957095323,0.166611752590983,-0.0459107768376837,0.25283841892113,-0.0265222374884971,-0.041457381559257,0.0544391473046723,0.0791335444560892,-0.0102599304604069,0.0683176146779568,0.23194614736168,0.20298625070274,-0.106147534879257,-0.0985265560471718,-0.204433816854945,-0.143221378986349,0.252847220780982,-0.0458692964691527,-0.170155239799153,0.0875777243320733,-0.12048276704108,-0.0503692847392492,0.245298542146758,0.0601168975083872,-0.064250919473366,-0.200670669785021,-0.102786055833066,0.135768171923433,-0.0694861123365237,0.145290318888126,-0.0305879623076401,-0.00659399987678499,-0.0957550584920296,0.132424855228928,0.081349759023294,-0.0250806951042036,-0.0924137015740047,-0.272010827771847,-0.177565925671313,0.161830308861893,-0.022528083995911,0.0185481105208889,0.0322125530376003,0.0797548205146003,0.0695212657174401
"9",0.365438532988583,0.343428074084319,0.0310031498692119,0.084477607950819,-0.00955689844039141,-0.00777925610750811,-0.0304624812343466,0.132447666454868,1,0.11052967006269,0.104394313628565,-0.0987982430657183,0.122006090215412,0.0144214635431988,0.117076836668088,-0.239420771043263,0.00875059787964027,0.0643475840191527,0.0613276165512272,0.066865125308492,0.104919840300304,0.215707492935528,-0.00589343105171248,0.0171474292781266,0.171149885555153,-0.0618823494310671,0.0923776974582971,-0.0283634278795958,-0.0547807423083174,-0.0507008471632046,0.0450733944653332,0.065568557048615,0.141438906522498,-0.119733427597584,-0.238280666147857,-0.190945451579801,0.0190643657374296,-0.232490817968847,0.0295920143955826,0.240502616021342,-0.066874779742633,-0.0652069955930685,-0.0168872439074367,0.15422050160665,0.0428991353036347,-0.0793932219863949,-0.0341290379471791,-0.0284897155453862,0.122877373378275,-0.0824853282995143,-0.0455665540476905,0.167915254559154,0.0335407895450058,-0.0304451018892402,0.0414659120572088,0.102250173511966,-0.168095021871841,0.0415769278059623
"10",0.156545952639654,0.149407585051533,0.00440000423302634,-0.00240308093739362,-0.0951732649714339,0.0366285732203187,-0.15639510644773,-0.0393658598939716,0.11052967006269,1,0.0550094773732165,0.0575867248982299,0.0408048697058584,0.0933795177728193,-0.232549106898324,-0.136722990693139,-0.150756980980313,-0.126029896154244,0.268586028775754,-0.190557378028231,-0.0897072476609113,-0.162248023097852,-0.24873329598356,-0.151521865123161,-0.113031507985446,-0.132141741917341,0.0910288681238897,-0.178711931163784,-0.310989594232318,0.118256549891906,0.020575328016057,-0.100849635682252,0.0601677034521246,-0.0725025604356309,-0.0570509210730277,-0.0427575705751216,0.0700024536321319,-0.207515368656792,0.203176139721042,0.0914644330541759,0.115392026519109,-0.00027653421406031,0.137484387374539,0.0626874118583285,0.164099809672919,0.0176862615223228,-0.127699762112086,-0.0703545941865611,-0.0843852799153823,0.04958012726162,0.128153442970994,0.247314986746106,0.0954522440410296,0.224517485162995,-0.0994873703446051,-0.0859155756706751,-0.0489811505377696,-0.244014723761961
"11",-0.0009629392540753,0.0172071924268338,0.113284002670626,0.0981670518732116,0.165796589295416,0.080889774690362,-0.173907798944679,0.0379567251116926,0.104394313628565,0.0550094773732165,1,0.141459872899871,0.0361158171653909,-0.0183035721965545,-0.0718064557171444,0.0593921477627387,-0.0853043582678644,-0.201681839423551,-0.275720566532322,-0.0633795457701449,-0.233767146664515,-0.0106202212709681,-0.107915329042995,-0.259068822112646,0.215717346207852,-0.147861122313575,-0.171533211276642,-0.106803319755959,-0.15185279365397,0.0278721079858536,-0.291240937180687,-0.230710576481583,-0.0157585363805092,0.265797095552147,-0.145518798368885,-0.18331139076579,-0.0543101021904959,-0.154803586583202,0.125229982565665,0.146909133170785,0.0638234792840997,-0.138345372656335,0.0155071346030124,-0.0562904406482111,-0.0144011053745596,-0.042567130872334,0.022178889081053,-0.0917929117839976,-0.015052525838588,-0.0639447313177516,0.182691349030209,0.238526721869891,-0.143442257697145,-0.0360015642880508,-0.146527480552808,-0.0732978042143235,0.00076532234177705,-0.185340075261227
"12",0.172461638663334,0.257095920848345,0.0936054464161106,0.296928551698726,-0.10748139249027,0.140139040495989,0.0316559708539624,0.0496128311853133,-0.0987982430657183,0.0575867248982299,0.141459872899871,1,0.212021323566629,-0.00467212970921856,-0.0147645581352586,0.203573097194959,-0.0594603597834293,-0.108722250500763,-0.169098754465227,0.0581683986368243,-0.121095031332276,-0.0554066187217094,0.0906598241058419,-0.143570979454325,0.0119347029007802,0.0822560055275703,0.0489891624791064,0.0872370751044885,-0.103091226994014,0.0181172931586681,-0.203573301012416,-0.115462286421785,0.0431322826677249,-0.037305165839065,0.00235928898029342,-0.0322806620398134,-0.0440929135866031,-0.0721956482364817,0.0205876570070516,0.174931619193167,0.0591664013934265,-0.00626536091130246,-0.131844307676022,0.0228187499432604,-0.0672147490129235,-0.130283840253415,-0.0548347609109739,0.139140220697436,-0.139347109576577,-0.12248479805248,0.133452558558844,-0.0395319982421367,-0.02875894685363,-0.0461770508738244,0.0500509016088902,-0.0536090723511194,0.0261190080161809,-0.184384825817109
"13",0.1425112880557,0.0904989962722811,0.0719747588116448,-0.0120587360985886,-0.0579458909801434,0.23084885464127,-0.0135763533061596,0.0448247162315158,0.122006090215412,0.0408048697058584,0.0361158171653909,0.212021323566629,1,-0.320297208331489,-0.0803024870068079,0.0523795087484725,0.150123260086074,0.0304691437084397,0.0362984874308702,0.106810344173332,-0.0148892194963292,-0.0499449888708688,0.0816377649647465,0.131077725806433,-0.0796544017251583,-0.0644101400526776,0.161762667332656,0.0241585187804743,-0.00635190667729013,0.0332598989493112,-0.113929583378602,0.0298168388196259,0.132235021039028,0.0472574196888302,-0.205804851390346,0.0404012270174103,-0.0564017631511189,-0.151187682830217,0.297539501170099,0.0542014397178735,-0.0340085354587848,-0.0459517299151896,0.00348651320621602,0.203103102338053,-0.0844284439720279,-0.0218714926075614,-0.0354699582237899,0.0603616395342707,0.299053216632584,-0.115078972887295,-0.0987905157430633,0.0230054035802882,0.0170939334726748,0.0269950551263542,0.0173762211515618,0.0429238753389482,0.0216442163191341,-0.0471454573061955
"14",-0.0936371860990679,0.123822522512068,0.0500169721453392,0.135424211253658,0.04952546970021,-0.132120710280628,-0.0179960757837558,0.0519985957095323,0.0144214635431988,0.0933795177728193,-0.0183035721965545,-0.00467212970921856,-0.320297208331489,1,-0.0105615083812037,-0.0582901625778756,0.0675843480210003,0.158292902083666,0.0896819207933388,-0.274359827060708,0.0253463836979718,0.0179677000668391,-0.0130543499405022,-0.0851898571260861,-0.0427070122256566,0.025278891473278,0.0586189607409403,-0.168296359148334,0.103975781292323,-0.0221136932776605,0.137021827817661,-0.107222666875409,-0.196056999212282,-0.141649628861277,0.0945567856225652,-0.0364318795145729,0.0125174267007087,0.0317543322440825,-0.105679873870531,0.0341079062247788,0.0779232592034117,0.141475037617421,0.152432594459834,0.0236412606334166,0.154036604945022,-0.0135123447967104,0.00132896935611071,-0.0235016668499158,-0.23473200471174,0.460682510856599,-0.0203182981536153,0.0709085624527238,-0.0030450779547531,-0.0738695424851116,-0.282293011550397,0.106025154395353,-0.00286180137897367,-0.0143622493933595
"15",0.0634476591038663,0.139120242081425,-0.223419132834683,0.161974183444144,0.0526359851448525,-0.068063939137072,0.0700974116554744,0.166611752590983,0.117076836668088,-0.232549106898324,-0.0718064557171444,-0.0147645581352586,-0.0803024870068079,-0.0105615083812037,1,0.170038362623206,-0.0371379711289338,0.0601630952989658,-0.0998032296029941,0.0895472143009889,0.225314120235686,0.0695326046874442,0.29306868099114,0.121565546382714,0.114573213779424,0.0321401890548047,-0.0491368634521676,-0.188035279036283,-0.0228755456374438,-0.143994045110206,-0.00374225178457387,0.0289464205702186,0.134317074333534,0.0017162820630938,-0.0363948707361491,0.0927542857842555,-0.0553338165586298,0.089638469504176,-0.232858663802482,-0.124050956633757,-0.169845203143717,-0.258461340339944,-0.0331995443524731,-0.138216785166026,-0.0614922570506598,-0.117911532559807,0.0701102180437098,0.120846434789779,0.170296791841847,-0.186412551003439,-0.179379960467892,-0.143836192830009,-0.162550926540095,-0.0783446890670852,-0.0185200611592071,0.0255251430983265,-0.146284853914776,0.0430876278243637
"16",-0.0183171329403005,0.0166107338271914,0.0666693625915264,-0.104309337096309,-0.0704165870122557,-0.0711350834443162,-0.0617845418036058,-0.0459107768376837,-0.239420771043263,-0.136722990693139,0.0593921477627387,0.203573097194959,0.0523795087484725,-0.0582901625778756,0.170038362623206,1,0.0653842021268115,0.160002993723223,-0.15235415320943,0.0408373372077087,-0.0525023109248195,-0.0580490948988582,-0.0538014744193093,-0.00645820697009153,0.152754032457522,0.259622608167868,-0.119473778675977,-0.0509681834363881,-0.109280590732765,-0.0444216956497921,-0.0291361608922009,-0.0457373011057741,0.210242538203737,0.215273125509355,-0.0138789751037296,0.078076971097568,0.0242749252566381,0.150129072921871,0.195734628689588,-0.051911720142692,0.0700137964081268,-0.096614730201933,-0.0777264057586199,-0.158389551131591,-0.112730568047417,0.122950142938397,0.0207353316360102,0.225570858873043,0.0423984650666167,0.00543065953354915,0.163690230324288,-0.13896063157593,-0.166091419477019,-0.102143509522205,0.105277770601943,-0.0304224168537248,-0.133176427593381,-0.0118701309202371
"17",-0.0482548437561058,-0.0730287825968921,0.111635554246783,0.101272571108667,-0.187423983939661,0.00041935401499784,0.0802612496993167,0.25283841892113,0.00875059787964027,-0.150756980980313,-0.0853043582678644,-0.0594603597834293,0.150123260086074,0.0675843480210003,-0.0371379711289338,0.0653842021268115,1,0.0521180039131465,0.108190738218041,-0.0362506436048543,0.0888177995471124,0.00726078457023268,0.118932694735619,0.229110630409714,-0.0704831176585866,0.144368639741076,-0.109293547217209,0.0892261931968502,-0.148121950936411,0.0839835767486793,0.0944411059922074,-0.0276336105349955,0.00046453456104658,-0.00375872236105428,0.0331819516070871,0.0753126380905329,-0.0327541207671654,0.0170253875256531,-0.0747511385122253,-0.130717914039145,0.160590381446364,0.183847958186293,0.0184061415974551,0.105761932991986,0.00091781954533745,0.0441183365655331,-0.0630926090630556,0.144863155729505,0.45477113940116,0.130122130776938,-0.0899544698276127,-0.0577856024400394,-0.0299471907078449,-0.0574500638194566,0.0447815108529166,0.0371344077300858,0.0196672247894143,-0.0389790334107141
"18",0.0275110093703871,-0.0993156598329254,0.102000663088136,-0.17144527855725,0.132920902065201,-0.0275097236931275,0.0778757949455532,-0.0265222374884971,0.0643475840191527,-0.126029896154244,-0.201681839423551,-0.108722250500763,0.0304691437084397,0.158292902083666,0.0601630952989658,0.160002993723223,0.0521180039131465,1,-0.032989643759999,0.137538431305921,-0.0868819382112803,-0.0309722341221201,0.0721605370811657,0.160525668376466,-0.0937054821655372,0.062426887345234,0.0523247633200003,-0.0472983784461854,0.0997378353010024,-0.12680602496204,0.0136196264252682,0.156157639564372,-0.0125914605019538,0.142735162603082,-0.0387289936402881,-0.00435733063456175,0.022879989733425,0.151420630644917,-0.0165398860574149,-0.121524865826695,-0.192486283934764,-0.0563558661446149,-0.09410184092603,-0.197246185469429,-0.244744979145405,-0.19414472049775,0.0206159891196301,0.114680104948645,-0.129672652195055,0.337527954414257,-0.202594792231916,0.00268148695250162,0.101030123177219,-0.00181825976018013,-0.0147335411060813,0.177892300394258,0.0563876521884592,0.106332150234294
"19",0.0953463656343578,0.0188670690364124,0.00431272473296623,-0.0912573364464574,-0.0379462867468157,0.131171556708977,-0.130986401493484,-0.041457381559257,0.0613276165512272,0.268586028775754,-0.275720566532322,-0.169098754465227,0.0362984874308702,0.0896819207933388,-0.0998032296029941,-0.15235415320943,0.108190738218041,-0.0329896437599991,1,0.0553166801328815,0.223621785827477,0.0428372322419884,0.0921302576560366,0.0706487547141971,-0.202705826788592,-0.0865453600594581,0.250990807587479,-0.132267606181536,0.0941184788571215,0.124400491090984,0.577789695188849,0.242805418787128,-0.14184437190049,-0.0140308445571278,-0.151282584857371,0.0754352767718016,-0.0595682142879264,-0.113963668483753,0.106801103437479,0.0384701991298822,0.0313193620234887,0.0306903297154228,0.0426935422267408,0.0610464080435521,0.191902141388407,0.0483114203757206,-0.0036204775813711,0.0366709169687494,0.0534486794076035,-0.0853332215182601,0.0439115103265895,-0.0546799910267843,0.164225810006856,0.182272496623432,0.00100298145598476,-0.0497097686108132,0.0330901150564689,0.108275736293411
"20",0.184590001592988,0.101989486784866,0.167351307655199,-0.190525513177557,0.0194508272125175,0.0406677665927078,0.0819629344904537,0.0544391473046723,0.066865125308492,-0.190557378028231,-0.0633795457701449,0.0581683986368243,0.106810344173332,-0.274359827060708,0.0895472143009889,0.0408373372077087,-0.0362506436048543,0.137538431305921,0.0553166801328815,1,0.034249842317571,0.205981959481944,0.2977993054409,0.0743829637675035,0.0980901856821769,-0.0213554293087815,0.188258828608599,0.0137123845616213,0.102578983052681,0.0184410621788528,0.115999241401831,0.388680332723001,0.144380985917548,0.169365035408359,-0.0173556128140069,0.0523957402066333,-0.367256479514207,0.0172511957523402,-0.00712253902952293,0.103348546811272,-0.269590139432382,-0.195990642426168,-0.0783656717276919,-0.201618320264368,-0.242848518180021,-0.150602292015296,0.162290702568966,0.00592709824776618,-0.0971311208808649,-0.214707530579689,0.177292128156439,0.056783180101764,0.137591274809875,-0.0371677765877998,0.280130808624707,-0.0147415179333291,-0.0170712597537659,-0.0359036724100789
"21",-0.0129326378020632,0.16644905484754,-0.00346844951282918,0.129076117511416,-0.0686812454546921,0.0670705290737818,-0.126040114927802,0.0791335444560892,0.104919840300304,-0.0897072476609112,-0.233767146664515,-0.121095031332276,-0.0148892194963292,0.0253463836979718,0.225314120235686,-0.0525023109248195,0.0888177995471125,-0.0868819382112803,0.223621785827477,0.034249842317571,1,0.0766251852244983,0.139558885977364,0.138434391095898,-0.0522799421785745,-0.129636158568457,0.10892814941177,-0.168205484748653,0.151105967573879,0.193342636010799,0.0239706229911453,-0.00618711587803125,0.120910832787012,-0.25008237196368,0.00739492779333828,-0.0518073408002245,-0.0543907033759974,0.168690528559275,0.00634701332775901,0.0658803035746924,-0.0964868577018374,0.0453266986455903,-0.0812274348118244,0.108565243616943,0.0962651116962733,0.175851387814832,0.0577758296406745,-0.0509922448399373,0.0513224888586865,-0.0330629467342183,-0.0766153752990911,-0.048976534431456,0.0662286080078411,-0.0515346950274617,0.0645316984764381,-0.0445117318911881,-0.0290693249451386,0.0842714914881102
"22",0.208762219367837,0.127643558018672,0.095271628650441,-0.0699089003760514,0.0331483067026453,-0.100258591731018,0.0790814429628294,-0.0102599304604069,0.215707492935528,-0.162248023097852,-0.0106202212709681,-0.0554066187217094,-0.0499449888708688,0.0179677000668391,0.0695326046874442,-0.0580490948988582,0.00726078457023268,-0.0309722341221201,0.0428372322419884,0.205981959481944,0.0766251852244983,1,-0.0495581144849301,-0.103344849071441,0.0374138820952058,0.124645270060197,0.144105205752872,0.0787346583443876,-0.0224332022386966,-0.168532098692135,0.280158470859475,0.0403443564903625,0.127306025562975,-0.0463071358284041,0.08428628939952,-0.0803485441291438,-0.0439404466054102,0.164083785290434,-0.0433353449919898,0.0759880135371693,-0.00971555993135915,0.0625531424987399,-0.112003259504531,0.0479391916567579,-0.153819585036745,-0.0838512734352202,0.0511116802960485,-0.0540738976222936,-0.0369737523896928,-0.0739416193645272,0.22862702072046,0.0527181524076051,0.0134377175755884,-0.193772231493154,0.247645440497421,0.0563750265208834,-0.101287927943729,0.0487473951327651
"23",0.0733082132905062,0.0341556460761547,0.0619728622280323,0.0367153496035798,0.0308702386681585,-0.0382217226275835,-0.0548752460057041,0.0683176146779568,-0.00589343105171248,-0.24873329598356,-0.107915329042995,0.0906598241058419,0.0816377649647464,-0.0130543499405022,0.29306868099114,-0.0538014744193093,0.118932694735619,0.0721605370811657,0.0921302576560366,0.2977993054409,0.139558885977364,-0.0495581144849301,1,0.177163357645963,-0.105066800676926,-0.0479678604002325,0.251649968952803,-0.0893583672906167,0.132450099397723,0.0653318127941915,0.0846266678034965,0.224073944075504,-0.00017910397132891,-0.076343145484216,-0.00952379540889868,0.156427308822155,-0.274039408397206,0.108977275812685,-0.218576000696532,-0.0464819713151706,-0.196617216166953,-0.0421165487597695,-0.0473079554834808,-0.166383835561484,-0.0378718597079971,-0.260658761928084,0.0101211758931762,-0.104264051967927,-0.0476812029364139,0.0250929356865449,-0.0395957818908177,-0.144981843328073,0.149880551780774,-0.0385345438452632,0.113717205312932,0.104324329185548,0.281103353943931,-0.0363440005552642
"24",-0.0111467005911764,0.111544532011726,-0.0817404309295665,-0.00770401933242016,-0.0597224157801429,0.0801411237411382,-0.0674175757285937,0.23194614736168,0.0171474292781266,-0.151521865123161,-0.259068822112646,-0.143570979454325,0.131077725806433,-0.0851898571260861,0.121565546382714,-0.00645820697009153,0.229110630409714,0.160525668376466,0.0706487547141971,0.0743829637675035,0.138434391095898,-0.103344849071441,0.177163357645963,1,-0.0113812249592828,0.060379305596544,0.0948931317766937,-0.0602811641621543,0.101745177044021,0.103084565257378,0.192083907417452,0.0277618137435335,0.166835553923423,0.0117831142776125,0.00608833637880624,0.163063738511788,-0.00482516723275412,0.0984298974237202,0.0774220073891807,-0.155036304017549,-0.12477552561249,-0.194122730005125,-0.0312323496478986,-0.0683672338202753,0.135631457902632,-0.0585642993327925,-0.22015170795082,-0.00302320028972161,0.116447608449002,-0.079926956924427,-0.246854637825758,-0.139479502513505,0.112799329050008,-0.0129429506613272,0.0825962324587405,0.139600757455947,0.0446950016323165,0.0685658603154541
"25",0.0631392495901318,0.19190593777282,0.106687627457729,0.0689268803708601,0.189117130850926,-0.00279028864081123,0.204506419763056,0.20298625070274,0.171149885555153,-0.113031507985446,0.215717346207852,0.0119347029007802,-0.0796544017251583,-0.0427070122256566,0.114573213779424,0.152754032457522,-0.0704831176585867,-0.0937054821655372,-0.202705826788592,0.0980901856821769,-0.0522799421785745,0.0374138820952058,-0.105066800676926,-0.0113812249592828,1,-0.0756357704613308,0.0161364544497308,-0.0742458986996893,-0.0294978593996522,-0.00805151981366625,0.00350199412194701,-0.0106893827415972,0.203404645959259,-0.048196574812778,-0.102267413153041,-0.131438735518528,-0.00177735811685232,-0.120231811463794,-0.022812417021359,-0.0184346635016536,-0.0952349937241963,-0.273223418803718,-0.052412688087198,-0.133035197730289,-0.145434120463898,0.0583327945193836,-0.0758815543197761,-0.00389523636810706,-0.0203258161488326,-0.271602778993142,-0.0338094870489853,0.0455188456822305,0.0231266607761079,-0.0488792052959858,0.00089207129438983,0.00933089272416735,-0.00907483638745327,0.0569598220125467
"26",0.150909593143238,-0.0304246264003011,-0.00972978119843672,-0.0325518704214453,-0.200939058461364,0.10425809941245,-0.0800082933300302,-0.106147534879257,-0.0618823494310671,-0.132141741917341,-0.147861122313575,0.0822560055275703,-0.0644101400526776,0.025278891473278,0.0321401890548047,0.259622608167868,0.144368639741076,0.062426887345234,-0.0865453600594581,-0.0213554293087815,-0.129636158568457,0.124645270060197,-0.0479678604002325,0.060379305596544,-0.0756357704613308,1,-0.0106051254028147,0.0122871729986775,-0.105743575440096,-0.0308333414274875,-0.0240198589539569,-0.00961054697320244,0.0645494048381867,0.0330478780008073,-0.0974763116561051,0.0491529977136133,0.164602470975974,0.0911894153097475,-0.11176770579934,-0.127195915517767,0.0240603436602713,-0.100623931248904,0.0127190201371623,-0.126732435046839,-0.028129685674037,0.104972705271253,-0.222957481711166,-0.0441747322459265,0.0687875911752217,-0.105729456284631,0.0719627376553554,-0.0442541187460335,0.0384244907388416,-0.169208575583747,0.128929095560959,0.0511918115583579,-0.0435242519542581,-0.0361754325735783
"27",0.136576122790547,0.160523038797391,-0.0305939484295234,-0.162687706081,-0.0769720032223602,-0.0209283526907158,0.00986644263643787,-0.0985265560471718,0.0923776974582971,0.0910288681238897,-0.171533211276642,0.0489891624791064,0.161762667332656,0.0586189607409403,-0.0491368634521676,-0.119473778675977,-0.10929354721721,0.0523247633200003,0.250990807587479,0.188258828608599,0.10892814941177,0.144105205752872,0.251649968952803,0.0948931317766937,0.0161364544497308,-0.0106051254028147,1,-0.0820759802240188,0.0931350697596732,-0.0704752700403698,0.227394874917586,0.26938288251545,0.00566941763836462,-0.0618145074672068,0.0739414932551037,0.0482267111437309,-0.0868585779834664,-0.00463612125453727,-0.0432388154135088,0.0562552461394133,-0.186066310304817,-0.0862778837845049,-0.0929463600177686,0.12611149409772,-0.0917194064462292,0.00423058903278669,-0.0722677015596702,-0.131615218579182,-0.155649535724423,-0.0420527259984447,-0.118916235015405,0.016593511289516,0.279868432867371,0.146743900116857,0.102366363760373,0.00213385920662578,0.0519977714031033,-0.0648376655180078
"28",-0.0508090696434353,-0.0486253505135577,0.0275363492588405,0.00523601517459751,-0.0182426418048767,0.0304354947973268,0.095423387613998,-0.204433816854945,-0.0283634278795958,-0.178711931163784,-0.106803319755959,0.0872370751044885,0.0241585187804743,-0.168296359148334,-0.188035279036283,-0.0509681834363881,0.0892261931968502,-0.0472983784461854,-0.132267606181536,0.0137123845616213,-0.168205484748653,0.0787346583443876,-0.0893583672906166,-0.0602811641621543,-0.0742458986996894,0.0122871729986775,-0.0820759802240188,1,0.183202886211877,-0.00904620284358015,0.00909182154448786,0.0572184984501429,-0.0506110714198536,-0.124394712307116,-0.00160369607322472,-0.156384367887436,-0.0433188686568223,-0.0778049598418644,-0.0574095902734547,-0.0277124601714983,-0.0519706535524612,0.0672956901756247,0.241708670761034,0.11706778324256,0.0793396614019141,0.0958484916145596,0.0130151695444488,0.0283320055575541,0.0891144258571292,0.0290943741966267,0.0723432820612634,-0.0450036109292907,-0.123660719316896,-0.100743158145006,-0.0176044633149445,-0.0743713670018055,-0.0349478494733672,0.0485948299126365
"29",-0.0542336885394666,0.0140786131951073,0.0546027657898238,-0.0472937176843383,0.0864987880261353,-0.0805607689058601,0.108757302099128,-0.143221378986349,-0.0547807423083174,-0.310989594232318,-0.15185279365397,-0.103091226994014,-0.00635190667729013,0.103975781292323,-0.0228755456374438,-0.109280590732765,-0.148121950936411,0.0997378353010024,0.0941184788571216,0.102578983052681,0.151105967573879,-0.0224332022386966,0.132450099397723,0.101745177044021,-0.0294978593996522,-0.105743575440096,0.0931350697596732,0.183202886211877,1,-0.0145022648922238,0.125652859884594,0.13520963564791,-0.0687543986992129,0.0233557571192619,0.0704548617639098,-0.1148886812503,-0.134904316148908,0.0903321827401731,-0.13213607895622,0.0407286046016366,-0.177716819268041,0.0813523292767654,0.131243398227113,-0.0429068647372183,0.0700329069332668,0.0395414396324566,0.0920098145427623,0.0732255807162643,-0.0347619095079481,0.171734053866026,0.005285170158761,0.00822077863180685,0.051437667087486,-0.0809279114935483,-0.125775145752357,0.0193766771654138,0.0110108036936846,0.159507210742912
"30",0.0417516002119662,0.115092697841722,0.0540361470303547,0.156240521150058,0.0418011345309682,0.189226935872915,-0.0984773459359262,0.252847220780982,-0.0507008471632046,0.118256549891906,0.0278721079858536,0.0181172931586681,0.0332598989493112,-0.0221136932776605,-0.143994045110206,-0.0444216956497921,0.0839835767486793,-0.12680602496204,0.124400491090984,0.0184410621788528,0.193342636010799,-0.168532098692135,0.0653318127941915,0.103084565257378,-0.00805151981366625,-0.0308333414274875,-0.0704752700403698,-0.00904620284358015,-0.0145022648922238,1,-0.00392388764653284,-0.142726938079943,0.0805499020819272,0.111850639774679,-0.14656291664299,0.148128037192439,-0.0465860812664246,0.0868113954418595,0.0383239646516755,0.0614129867904236,0.136789700346244,0.0577038810728537,0.0627678742621497,0.0377543119212162,0.0979850369344994,0.09305530678062,-0.00799452902199981,-0.111347124820837,-0.0074049265024897,-0.142933123874438,0.0114096791304172,-0.0895858659453879,0.0243344391866712,-0.0704141176837426,-0.0337418718510914,-0.158379497102199,0.14695765660611,0.0614947069827015
"31",-0.124067962690788,0.00025615007387854,-0.0276966914636209,-0.127383235275307,0.0343892116947741,-0.0240835141577632,-0.0753358397068418,-0.0458692964691527,0.0450733944653332,0.020575328016057,-0.291240937180687,-0.203573301012416,-0.113929583378602,0.137021827817661,-0.00374225178457387,-0.0291361608922009,0.0944411059922074,0.0136196264252682,0.577789695188849,0.115999241401831,0.0239706229911453,0.280158470859475,0.0846266678034965,0.192083907417452,0.00350199412194701,-0.0240198589539569,0.227394874917586,0.00909182154448786,0.125652859884594,-0.00392388764653284,1,0.343201858456575,-0.120430653569599,-0.101972743555931,0.0438911228319315,0.171772262025297,0.016552407442536,-0.103696352940486,-0.122663923924984,-0.0784425661079763,-0.0637297680049046,-0.089616308306284,-0.1275789241863,-0.0304181083154198,0.0628171894959291,-0.0895663988942065,-0.16325493024851,-0.0572696443655912,-0.118237350118769,-0.111074896942394,-0.0318584718030543,-0.118578006469092,0.186805672844769,0.0645649592331327,-0.0173865652149761,0.0518839310583872,-0.105961989393125,0.0755395827737417
"32",0.0397167943482842,-0.0361929772742025,0.103451577255589,-0.207922048038672,-0.0547409013326993,0.155498247558949,-0.037133655945871,-0.170155239799153,0.065568557048615,-0.100849635682252,-0.230710576481583,-0.115462286421785,0.0298168388196259,-0.107222666875409,0.0289464205702186,-0.0457373011057741,-0.0276336105349955,0.156157639564372,0.242805418787128,0.388680332723001,-0.00618711587803125,0.0403443564903625,0.224073944075504,0.0277618137435335,-0.0106893827415972,-0.00961054697320244,0.26938288251545,0.0572184984501429,0.13520963564791,-0.142726938079944,0.343201858456575,1,-0.0602764464030066,0.0293900501647385,-0.185127346413737,-0.00502955125044061,-0.184355157181405,-0.119077679070427,0.0255311733921273,0.0107661733284818,-0.222540161354816,-0.186604994013583,0.0999107246219938,-0.15740190125151,-0.089922120578706,-0.191643641921637,-0.0244574173849316,-0.140327781497225,-0.104538056729777,-0.0343068357220269,-0.0543740541327388,-0.0296896288786445,0.150815041108256,-0.0211673652374276,-0.00196119205215381,0.104906525137299,-0.0456917986119506,-0.0146960696788636
"33",0.2207748959523,0.173690319389434,0.178304267725171,-0.022970726367781,-0.0148129606996237,0.0503992983046259,-0.188949288561351,0.0875777243320733,0.141438906522498,0.0601677034521246,-0.0157585363805092,0.0431322826677249,0.132235021039028,-0.196056999212282,0.134317074333534,0.210242538203737,0.00046453456104658,-0.0125914605019538,-0.14184437190049,0.144380985917548,0.120910832787011,0.127306025562975,-0.00017910397132891,0.166835553923423,0.203404645959259,0.0645494048381867,0.00566941763836462,-0.0506110714198536,-0.0687543986992129,0.0805499020819272,-0.120430653569599,-0.0602764464030066,1,0.125116631264252,0.0260628116820407,0.0232078679343849,-0.088697902380068,0.0551778671071517,0.235647859491947,0.234165551435393,0.0102624942233847,-0.206015650747356,-0.15327647855704,-0.179585849845147,-0.0894919843968963,-0.00389359354132051,0.0117948016399156,0.0109229458620802,0.0280437579316473,-0.045773450302812,0.129805445665079,0.192371941070535,-0.0159423620696819,-0.204692342889953,0.0936635972941768,-0.00389040294465962,-0.0787329975460569,-0.067338259929375
"34",0.122230381700525,-0.222144925074907,0.0977294087464184,-0.132635423132643,0.138417825453288,0.172690209422154,-0.0449878257781355,-0.12048276704108,-0.119733427597584,-0.0725025604356309,0.265797095552147,-0.037305165839065,0.0472574196888302,-0.141649628861277,0.0017162820630938,0.215273125509355,-0.00375872236105428,0.142735162603082,-0.0140308445571278,0.169365035408359,-0.25008237196368,-0.0463071358284041,-0.076343145484216,0.0117831142776125,-0.048196574812778,0.0330478780008073,-0.0618145074672068,-0.124394712307116,0.0233557571192619,0.111850639774679,-0.101972743555931,0.0293900501647385,0.125116631264252,1,-0.139341628494937,-0.054105045828237,-0.113940995473249,0.0695765683040019,0.313781327193424,0.171610623124828,0.0831912627350498,-0.0587825634853226,-0.207276370870235,-0.289580098418062,-0.193304126415205,-0.130251749272774,0.0411093658679626,0.0417605543330321,0.140978441250019,-0.0544185122030209,0.0840596920772947,0.0980815107165993,-0.146356525913903,-0.118721328279678,-0.00252306440042787,-0.162937127359228,0.0598204031116358,0.045788567713934
"35",-0.322686539024265,-0.0734521654603008,0.0237589587032745,-0.162428550495609,0.0302663329706123,-0.208914488335102,0.219232342591726,-0.0503692847392492,-0.238280666147857,-0.0570509210730277,-0.145518798368885,0.00235928898029342,-0.205804851390346,0.0945567856225651,-0.0363948707361491,-0.0138789751037296,0.0331819516070871,-0.0387289936402881,-0.151282584857371,-0.0173556128140069,0.00739492779333828,0.08428628939952,-0.00952379540889868,0.00608833637880624,-0.102267413153041,-0.0974763116561051,0.0739414932551037,-0.00160369607322472,0.0704548617639098,-0.14656291664299,0.0438911228319315,-0.185127346413737,0.0260628116820407,-0.139341628494937,1,0.273991100799543,0.202420645201458,0.320669470538374,-0.163995469086837,-0.219293616192907,-0.0966157545670256,-0.00936799894088252,-0.20748688331989,0.0335294217354604,0.0175441588082016,0.218654545638991,-0.0284526758430188,-0.0734417791984467,-0.117540968523887,0.154924373500147,0.0496673328638315,-0.0600363583098211,-0.192013400866877,-0.0224501820761582,-0.156528586021634,-0.0562913582174335,-0.0506496960896713,-0.0876440964244224
