"","l_Insular.Cortex","r_Insular.Cortex","l_Amygdal.Area","r_Amygdal.Area","l_Bed.Nucleus.of.the.Stria.Terminalis","r_Bed.Nucleus.of.the.Stria.Terminalis","l_Hippocampus","r_Hippocampus","l_Orbitofrontal.cortex","r_Orbitofrontal.cortex","l_Entorhinal.Cortex","r_Entorhinal.Cortex","l_Frontal.Association.Cortex","r_Frontal.Association.Cortex","l_Globus.Pallidus","r_Globus.Pallidus","l_Glomerular.Layer.of.the.Accessory.Olfactory.Bulb","r_Glomerular.Layer.of.the.Accessory.Olfactory.Bulb","l_Glomerular.Layer.of.the.Olfactory.Bulb","r_Glomerular.Layer.of.the.Olfactory.Bulb","l_Granule.Cell.Level.of.the.Cerebellum","r_Granule.Cell.Level.of.the.Cerebellum","l_Hypothalamic.Region","r_Hypothalamic.Region","l_Entorhinal.Cortex","r_Entorhinal.Cortex","l_Vermix.Molecular.Layer.of.the.Cerebellum","r_Vermix.Molecular.Layer.of.the.Cerebellum","l_Lateral.Molecular.Layer.of.the.Cerebellum","r_Lateral.Molecular.Layer.of.the.Cerebellum","l_Anterior.Olfactory.Bulb","r_Anterior.Olfactory.Bulb","l_Posterior.Olfactory.Bulb","r_Posterior.Olfactory.Bulb","l_Subiculum","r_Subiculum","l_Perirhinal.Area","r_Perirhinal.Area","l_PreLimbic.System","r_PreLimbic.System","l_Primary.Cingular.Cortex","r_Primary.Cingular.Cortex","l_Primary.Motor.Cortex","r_Primary.Motor.Cortex","l_Retrosplenial.Cortex","r_Retrosplenial.Cortex","l_Secondary.Cingular.Cortex","r_Secondary.Cingular.Cortex","l_Secondary.Motor.Cortex","r_Secondary.Motor.Cortex","l_Striatum","r_Striatum","l_Ventral.Tegmental.Area","r_Ventral.Tegmental.Area","l_Substantia.Nigra","r_Substantia.Nigra","l_Thalamus","r_Thalamus"
"1",1,0.255022992243598,0.05322964367841,0.135191610646596,-0.0389442726759864,0.0881793716080621,-0.18744508662786,0.00360004243097541,0.319411192189968,0.185938687186064,0.241572373383298,0.152711170441575,0.140399211285238,-0.138707171006898,-0.069253859157081,0.171736610485491,0.0284082088771127,-0.145540700106111,0.0204110817833696,-0.0019343003422726,-0.114020463527248,-0.0681546190096698,0.149860861130285,-0.217233314770172,0.0458872436563846,0.0121906051509503,0.0189746924843163,-0.026279566414416,0.284444492056034,0.0674124445873856,-0.0561905202278672,-0.0313785964207636,0.225136375842605,-0.0651207176331546,-0.188512812941821,-0.0537558274798614,-0.124188671555379,-0.0395515719615173,0.0274161322696873,0.0242158043935419,-0.0544143174441017,-0.0398855117539844,-0.0548874230210962,-0.053351489934503,-0.119246131361702,0.0756384972949601,0.0109016012878638,0.0570603192003673,0.0530247831753817,-0.177894658344838,0.0836089522430269,0.2554345778444,-0.0726489019835675,-0.188332913201108,0.0105436202876724,0.0616057926341101,-0.250419988674385,-0.0696176831338073
"2",0.255022992243598,1,-0.00922506266674472,0.0290312890864894,-0.0418451621808918,-0.0880006417807019,-0.0720006800313091,0.0258713579849786,0.356468084920787,0.506503021230904,0.00439324094954593,0.0644655244032666,-0.0200908323405007,-0.154261259084829,-0.013682095556078,-0.0395393358972242,0.0718208978574929,0.0196601460862098,0.080896683563454,-0.0904368273742535,-0.0885619320119129,0.0379704912266071,0.0951015647792457,0.010148310656825,-0.0451089282579791,-0.0632322003057447,-0.0608373862142073,-0.231408558943746,0.20312665779354,0.0279206295528237,0.0301670194833571,0.0288209641992567,-0.03670056584942,-0.00660365783630947,-0.138874777994954,0.252821904549345,-0.0993459508710994,0.00289028690608051,-0.193429532745291,0.0860287817323695,-0.0875225741389273,-0.0519796962977427,-0.0529379699460033,0.0883268036383149,-0.0556210247777991,-0.112050577067475,-0.0590422981702996,0.0663548860225064,0.0198813338593845,-0.040248724124747,0.172261739752801,0.144502970102717,-0.0904110167440658,-0.167858784080119,-0.0666659716034496,0.0802704021669211,-0.00081589399599327,0.0505645869587244
"3",0.05322964367841,-0.00922506266674472,1,0.0393712709169079,0.00834401741751635,0.319932759322178,0.0272406870172353,0.119560928744287,-0.149468271828339,-0.0607816956260123,0.0808081726368713,0.154291623025802,-0.0787254228973364,0.0500443727912966,-0.196901279611029,0.0982795779554354,0.13287496558036,0.176293527427469,0.0832729762775142,0.155536916632191,0.133493402444407,0.00953032881206026,0.0329209453569548,0.00885950411719057,0.1920554902439,-0.0786760447602095,0.17967252656263,-0.00059508635235111,0.0230100444882704,0.0371763163449539,0.0395823533541482,0.128679151373101,0.161858671852116,0.0973998600815731,0.216235753779013,0.102691785105915,-0.0633577731028666,0.10821839855329,0.292840169500391,0.00055127584394629,0.291352264932137,0.36938271660954,-0.167718274279448,0.0273647288848057,0.21071791302915,0.0794542074086938,0.276828955493421,0.192007531391037,0.0119682751661211,0.0598540431096075,0.0329850238879158,0.191264047689473,-0.18655072859123,-0.169160363324261,-0.0431270563378048,-0.0793861810782307,0.142523784708462,-0.0216461738583269
"4",0.135191610646596,0.0290312890864894,0.0393712709169079,1,-0.103831948253216,0.0846368518369601,0.0788168851094535,-0.0425509816972915,0.00885393193406692,-0.0917614048768707,0.186538868383601,0.126548612568934,0.261942935484715,0.0487158408337489,0.0665415285576673,0.0660149723428904,0.208280891754269,0.00235949172300636,0.206457690299209,-0.104782462715174,0.188994055885884,-0.11353324232418,0.0411372744929695,0.0893260934272735,-0.0710394367089125,0.0541842671540699,0.0817927022769965,-0.0381580538614407,0.148457991308803,-0.0694258821474092,-0.0975540692907395,-0.0851396002439585,0.172486814970195,-0.0624518091269281,-0.0495455439383044,0.0706483168944288,0.0680059262821597,0.0211799958869208,0.112888214702318,0.0643560272608485,0.0841893810848137,0.0552055429214674,0.171912368087782,0.105845044431871,0.199186319479897,0.170904258320919,0.0976607716105721,0.0494907375260398,0.255952576696526,0.159858728364124,0.100943454017493,-0.00927289920844845,-0.04722449071613,0.0623588491749602,0.00509863384174821,0.00643962427717006,-0.0160856043701741,0.132695952979581
"5",-0.0389442726759864,-0.0418451621808918,0.00834401741751635,-0.103831948253216,1,0.0833267957260807,0.0468282793202374,0.112289395599428,-0.0109954180089647,0.0388032546616894,0.087668091299407,-0.0671806373389262,0.0319185965106762,0.0646640183864659,-0.0295611978138305,0.112652459965533,0.0477773868216886,-0.0426755592944119,-0.010366490241687,0.048704906443308,0.239518375140299,-0.131607679059093,0.107545687836918,-0.00402275819576182,0.252685212778322,0.0949914527692335,0.109950807352605,0.0286197136849103,-0.0206475945726323,0.0957904037973144,0.114954723063191,0.0732443495012843,-0.0911240809411444,-0.21471424214868,0.079218063455225,0.0283844564581603,-0.0658984542254016,-0.044862424421508,0.146457250756333,0.0371896126434128,0.0550630974324136,-0.143336576133124,-0.0520957055586153,-0.11780457567014,-0.0219087613896833,0.134544837197929,0.114408476360074,-0.00936082058955641,0.0586432952841031,-0.0378913840342889,0.0210526970385053,-0.168755193649134,0.0305656246297637,0.0953444074467334,-0.0976209362489826,0.0419051513457999,0.16015795161189,0.0602273596480395
"6",0.0881793716080621,-0.0880006417807019,0.319932759322178,0.0846368518369601,0.0833267957260807,1,0.154059358949426,0.171311248589565,-0.228954757712571,-0.0625157106646609,0.147786687040219,0.0903965993654551,0.0150193552322126,0.199065119530887,-0.209099146620574,0.157000608018632,0.027783921649981,0.287181117329223,0.13362852945407,0.166932302839175,0.183577783086385,-0.065159206688369,-0.0873841499286111,-0.0107398963980245,0.0920427252432105,-0.0167502257013101,0.176719846486215,-0.182088524250171,0.145254030019049,-0.0317829253044266,-0.0189361867531051,0.0122705816489474,0.00172841210088407,0.00076793965716898,0.181710833400396,0.108443997314242,0.134377263973013,-0.027627183148548,0.0813103497851816,0.0426766105887824,0.284366375719209,0.135579550567256,-0.0490774924325249,0.0846384679374377,0.210474888203708,0.133987997441496,0.152443215353279,0.109611195639904,0.142898211227833,0.192879369096621,0.0841587094388555,0.184675265879328,-0.0306135604737686,-0.0604542548260949,-0.0596979863785813,-0.0431567798894205,0.114479314571029,0.16002727753495
"7",-0.18744508662786,-0.0720006800313091,0.0272406870172353,0.0788168851094535,0.0468282793202374,0.154059358949426,1,0.383541371505109,-0.191078456957382,-0.104395502766026,0.0408256803928913,0.116342830052653,0.00680576611478037,0.249210250023364,-0.0519271328647418,0.0875057545501043,0.143084197506544,0.22638415092935,-0.0372502196476941,0.193263234430124,0.143050054053791,0.0572002445299997,0.0609600362252594,0.159849291932241,0.00406418866132798,0.0613858525898833,0.132589000763152,0.0744602960638949,-0.0272468251160194,-0.0571084890049228,0.0797432193298411,0.261061243994657,-0.00929024380658583,0.059790616347823,0.212230205566295,0.0696025893924723,0.139631651689484,-0.109683530840485,0.0744048839382573,-0.19545073354398,0.171391376151538,-0.00357072855096507,-0.0490672614709457,-0.0581830796378495,0.118431677062442,0.088243623231951,0.143583501704347,0.0890013382383551,0.0893168835395563,0.116999716291755,0.0329078735610439,-0.0219263838539965,0.0268138301886719,0.113926018367077,-0.097123185628473,0.0902138282602324,0.126158678583188,0.089012550206196
"8",0.00360004243097541,0.0258713579849786,0.119560928744287,-0.0425509816972915,0.112289395599428,0.171311248589565,0.383541371505109,1,-0.184988442925705,0.0176913602092345,0.122638918675031,0.140070056523305,-0.0133522876207153,0.197299968050722,0.0332273070874858,0.118435436457313,0.169092095939394,0.0260059399286688,0.114606221245931,0.128754157202005,0.0549968729037917,0.0745792227667809,-0.021149074368264,-0.00071990646964323,0.213290059490828,-0.0408139665196366,0.110202992990948,-0.0937815519282161,-0.0225879590435967,0.162999239083927,0.0338983909149326,0.138564568302921,0.0582255802075858,0.0992650399767672,0.190440983395603,0.246710619286375,0.227209068575901,-0.00624817975350127,0.14747163651076,0.024157198418613,0.316174412922715,0.249456279922517,-0.0779887356640133,-0.0526139656148029,0.140530727132819,0.00166905753567324,0.322038404858498,0.126544698439521,0.15305855679529,0.117589841709381,-0.128527646452711,-0.134736924589423,0.0494415740324099,-0.0580988693443264,-0.127365870314447,0.10392950627216,0.191773887016687,0.154213056910691
"9",0.319411192189968,0.356468084920787,-0.149468271828339,0.00885393193406692,-0.0109954180089647,-0.228954757712571,-0.191078456957382,-0.184988442925705,1,0.381165452164697,-6.6002811110389e-05,0.0275473635315913,0.243957745870098,-0.250475631466735,0.0719269683278015,-0.0351128275323971,-0.00446723161351945,-0.119615683819414,-0.0523033953486737,-0.228080730598514,-0.0365714676596453,-0.0565668246314803,0.18777026860887,0.0681961467440756,-0.027833038139142,-0.173753044780639,-0.0796437134798444,-0.137695514420105,0.133735279109424,0.0615299315618306,0.107980218830269,0.0246717261115396,0.0756133622353962,0.0312009717314439,-0.254949605838878,-0.048828030425891,-0.217552477096309,-0.1850581823544,-0.0319724591934489,0.039404121427964,-0.19047421556615,-0.170616429334352,0.118071938945552,0.073484566767526,-0.250267864091979,-0.00588759971676155,-0.0310953131393229,-0.082461280352213,-0.00715435731663538,-0.316554822817363,0.102981556720814,0.0473224713423287,-0.256581677925233,-0.138700175612936,-0.0570348101958704,0.278193417870426,-0.118845423941011,-0.239192344300941
"10",0.185938687186064,0.506503021230904,-0.0607816956260123,-0.0917614048768707,0.0388032546616894,-0.0625157106646609,-0.104395502766026,0.0176913602092345,0.381165452164697,1,0.135647811560113,0.0102921756851191,-0.0369350414526804,-0.12872794926528,0.0136839924832665,-0.120607762279109,-0.0302707973274764,-0.047654272382007,0.0891639436449218,-0.203648589100582,-0.040326155943034,0.117328426028261,-0.105983871094214,-0.188622413508218,-0.0917221144841546,0.0128585176287035,0.00794175127681012,-0.0574680799410568,0.226757655047605,0.0478000577979924,0.143307287487342,0.0574284327056041,0.0394034023069263,-0.0371855609447966,-0.148897061816606,0.252229381911221,-0.145637637411067,-0.0975077685720971,-0.149029159362125,-0.0060511572839919,-0.20903414700888,-0.0916075469306779,0.0553867751848757,0.239107831372654,0.0482190557569434,-0.161928007187698,-0.013070248187199,0.0571530426996679,-0.0561401996963162,-0.151578346830343,0.199870345643724,0.218517860108936,-0.0640588379353513,-0.0163807981561035,-0.0849482873480036,0.116286197276845,-0.096398693156128,-0.150280690461696
"11",0.241572373383298,0.00439324094954593,0.0808081726368713,0.186538868383601,0.087668091299407,0.147786687040219,0.0408256803928913,0.122638918675031,-6.6002811110389e-05,0.135647811560113,1,0.206819597328551,0.325338710772761,0.119130399799945,0.148816015178543,0.10182658374198,-0.013820529723055,-0.0422893492257716,-0.0230785229178043,-0.0431470841051645,-0.0748573396631705,-0.0073344865746089,0.00117580724568585,-0.0119434427311441,0.0807115473330397,0.22140367871145,-0.0544092006478854,0.0655093641356609,0.0588739272201994,0.0780262845273615,-0.0557770519202936,-0.0285962865082897,0.309317128708996,0.148236350732994,0.0605111521432788,0.0187082600829688,-0.154178665373061,0.0488364675133114,0.225134086721917,0.154526183620111,0.101204818167791,0.148904572963417,-0.161341176714184,0.00495432088080767,0.166436989769178,0.0367351898559483,0.100897897627749,0.0881989440933286,0.166819266838852,0.0297021719056357,0.0984878417412085,0.235455608736963,0.0360583508425932,-0.00700605829539978,0.187671442656611,0.0552224456983403,0.105102390090478,0.139570706210761
"12",0.152711170441575,0.0644655244032666,0.154291623025802,0.126548612568934,-0.0671806373389262,0.0903965993654551,0.116342830052653,0.140070056523305,0.0275473635315913,0.0102921756851191,0.206819597328551,1,0.135395210934073,0.0133068741030059,0.168930610139678,0.118364116966893,0.0817920442780123,-0.135893638622565,-0.181006867177068,-0.209806334843804,5.91767071513706e-05,-0.034970268112714,0.0244840308039425,0.0740737685819036,-0.0168250616694889,0.24688591716434,-0.0766471522865778,0.0611832053576448,0.0720409882213473,-0.155504033075578,-0.041756453489859,0.109110579659549,0.385603682583113,0.136675807337166,0.0521757187785446,0.0890710478850547,-0.102831897975108,0.102234200821147,0.119419937112986,0.20431641291859,0.106017972833324,0.0639978119432869,-0.0361716496935116,-0.0284226127029534,-0.091446396582914,-0.0196096361782504,0.208409929891342,0.0277740928827976,0.0849971280756591,-0.0810410432491088,0.0900301957197609,0.215909391187413,-0.129069029777846,-0.0887310793878537,-0.136323722605248,-0.036641738634365,-0.0953918871929439,-0.180830642532887
"13",0.140399211285238,-0.0200908323405007,-0.0787254228973364,0.261942935484715,0.0319185965106762,0.0150193552322126,0.00680576611478037,-0.0133522876207153,0.243957745870098,-0.0369350414526804,0.325338710772761,0.135395210934073,1,0.146732581370042,0.137098387642742,0.263134166116479,-0.0361978254833411,-0.0999237055067305,-0.0590453920321548,0.0955284455094814,0.137098742410199,-0.150334098551321,-0.0077510083605631,0.0790929070247435,0.251341059582566,0.230425861051784,-0.0885072327417516,0.0832369120192134,0.0423314282711717,-0.0659270662677173,0.0050499870419139,0.143935266298816,0.111678838230349,0.135394600002355,-0.00262589184492854,-0.131027657897393,-0.0117824681385548,0.128569546044548,0.179304184286315,0.0649724041192702,0.214168756488761,0.0790000780057788,0.0804097830077949,-0.111088925113484,0.238061473454938,0.195947562776128,0.113746161174949,-0.0414022488544682,0.640798908794794,0.0971125169938323,0.00035282131383462,-0.0839419687569979,-0.126698039287627,0.0246221130472267,-0.246119396581837,0.158125652746821,-3.09109703733275e-06,0.165638469198593
"14",-0.138707171006898,-0.154261259084829,0.0500443727912966,0.0487158408337489,0.0646640183864659,0.199065119530887,0.249210250023364,0.197299968050722,-0.250475631466735,-0.12872794926528,0.119130399799945,0.0133068741030059,0.146732581370042,1,-0.00858084457644433,0.196395401294596,0.0272294437019754,0.314052088905445,-0.021547599004444,0.132807174651952,0.270969749628879,-0.0939797452110331,0.0338231857902642,-0.00797962456184019,0.0404496943303606,0.099030131440598,0.194702937768372,-0.0302847093416672,-0.177810300755017,0.0182101195736674,0.0566742293269359,0.0167693580774867,0.0402861062889675,0.00265852194526632,0.215511739356954,0.056895548515644,0.133065034763614,-0.00364184518462879,0.0250235744120738,-0.0132792534818775,0.176648997495536,0.025188437992079,-0.117126951600864,-0.121115378247141,0.331814496818161,0.227569689052022,0.0963114747358968,-0.0465256234282352,0.0515064175872251,0.665422288468357,-0.0320898428623205,-0.00111709764980952,0.0708707736867075,0.277517689396965,0.152888678656981,0.0522181266285338,0.257709422293675,0.146807032507345
"15",-0.069253859157081,-0.013682095556078,-0.196901279611029,0.0665415285576673,-0.0295611978138305,-0.209099146620574,-0.0519271328647418,0.0332273070874858,0.0719269683278015,0.0136839924832665,0.148816015178543,0.168930610139678,0.137098387642742,-0.00858084457644433,1,0.124019370504455,-0.0263647630681708,-0.196832280742124,0.0919706462399986,-0.210041889176642,-0.174734830825478,-0.0971511753917336,0.0172023060761906,-0.039668744920718,-0.0920502615628197,0.216856314089164,0.0460856213002739,0.0880637124105998,-0.00786351013117325,-0.045814520593379,0.123614711967006,-0.00740705809169081,0.111445470208449,0.165278106538095,0.0710652176299328,0.11948399827247,0.0291039454049327,0.200055679405126,-0.05086345369965,0.0950546466165511,-0.0390573241248391,0.0229405628532988,0.0779868858253572,-0.116576410553261,-0.08055486854103,0.04380626827171,-0.00126436996088968,0.00405263857578456,-0.0358132626641577,-0.0406751003992673,0.109240399569826,0.0967959081964123,0.129595995536686,0.00130016835214975,0.102979767074154,-0.00069064801552256,-0.0786945546659168,-0.0680404661345738
"16",0.171736610485491,-0.0395393358972242,0.0982795779554354,0.0660149723428904,0.112652459965533,0.157000608018632,0.0875057545501043,0.118435436457313,-0.0351128275323971,-0.120607762279109,0.10182658374198,0.118364116966893,0.263134166116479,0.196395401294596,0.124019370504455,1,0.0500613243232784,0.0330610184114691,-0.0660069598430937,-0.0213546569359493,-0.00534061625356159,-0.115044924323649,0.185679300009173,0.0362954660858006,0.307302698372623,0.114027016107804,0.181912007804953,0.0935528117125885,-0.0659269533958203,-0.2010390882569,0.0250237557319443,0.0384514191241037,0.109601905790495,0.118134980271113,-0.0333561306662176,0.0244059197321472,-0.0119818323077096,0.0240049248639988,0.260285851789057,0.202079967649711,0.251019305513713,0.0352638348844192,-0.0151650561909879,-0.0515267150467133,0.133332433932421,0.23175345049994,0.213127082628244,0.175282044903803,0.172601646951395,0.19977548504286,0.0225942514695007,0.117729630461827,-0.0193596672823833,0.197305387699597,-0.00760924009406238,0.239320643059004,0.0264490488159533,0.0642390393675043
"17",0.0284082088771127,0.0718208978574929,0.13287496558036,0.208280891754269,0.0477773868216886,0.027783921649981,0.143084197506544,0.169092095939394,-0.00446723161351945,-0.0302707973274764,-0.013820529723055,0.0817920442780123,-0.0361978254833411,0.0272294437019754,-0.0263647630681708,0.0500613243232784,1,0.180060678525676,0.0790130447858848,0.117204680267922,0.206768510738733,-0.0710564237786005,0.305594103975588,0.221907865935605,-0.0787895895276224,-0.0505588015754828,0.0437630277605203,0.0180136869619085,0.156684886085688,-0.00323424703155367,-0.179856312041836,-0.0282234679376172,0.0837749759426096,0.0873377162097384,0.0575852653805749,-0.00605600730103734,0.0970276224028323,0.0148666376781492,0.0527553412342738,0.159564230718156,-0.0673792182790301,0.130518623848762,-0.0813789738602846,9.33273893026703e-06,0.213339606388661,0.108909725075945,-0.0270046839479377,0.0544980959325857,0.137042075627048,0.0194915497601271,-0.00434423320322896,0.0646304432420812,-0.244793056708355,-0.132628729174977,-0.0684128652413096,-0.0184202783060444,0.152797722429755,0.133670198859781
"18",-0.145540700106111,0.0196601460862098,0.176293527427469,0.00235949172300636,-0.042675559294412,0.287181117329223,0.22638415092935,0.0260059399286688,-0.119615683819414,-0.047654272382007,-0.0422893492257716,-0.135893638622565,-0.0999237055067305,0.314052088905445,-0.196832280742124,0.0330610184114691,0.180060678525676,1,0.139520169682982,0.308280632618046,0.21473948241928,0.00609276522508593,-0.0173983208124429,0.206130261317195,-0.144980400251834,-0.119304946819359,0.198303371465923,-0.187295033665666,0.0707099558139299,0.0132562759543403,-0.0577923628067518,-0.011598746482137,-0.036634510594117,-0.0253289364321586,0.0143236382105724,-0.0453086197993571,0.027154652614622,-0.144052571096153,0.062753933049827,0.110628297029864,0.214706868089403,0.12962899659639,-0.153177666590779,0.0464455420651461,0.114034991232907,0.164956091879323,0.0588322885549235,0.086108418842971,0.0535460386381352,0.35936265295656,0.107992376108518,0.108641854354288,-0.0281668873342357,0.03727431572629,0.130058911662505,-0.0321203268300732,0.262803453467216,0.133703295485115
"19",0.0204110817833696,0.080896683563454,0.0832729762775142,0.206457690299209,-0.010366490241687,0.13362852945407,-0.037250219647694,0.114606221245931,-0.0523033953486737,0.0891639436449218,-0.0230785229178043,-0.181006867177068,-0.0590453920321548,-0.021547599004444,0.0919706462399986,-0.0660069598430937,0.0790130447858848,0.139520169682982,1,0.12825635628005,0.0847228584421091,-0.124183930436879,-0.127566528887427,0.135475334562988,-0.140967641196808,0.00175228887595482,0.13064330272843,-0.134987024231524,0.138605246643888,0.180822803464927,0.347007559500304,-0.00774831328700258,0.0363226158889675,0.15034471556876,0.0235837379139804,0.062898628067853,0.0275166999492105,0.11221921107798,-0.0751017886451262,0.0200413724016316,0.139556778903658,0.114405796268787,0.019870744814417,0.163436544932896,0.169704125541667,0.0799057520068344,0.0498164664085916,0.0276256528686031,0.143490150801767,0.036418651029786,0.0456161015252645,-0.109632014469765,0.253056368427087,0.134909860807811,-0.0121851948923202,0.138593728592109,0.162622544295793,0.0694464257716182
"20",-0.00193430034227261,-0.0904368273742535,0.155536916632191,-0.104782462715174,0.048704906443308,0.166932302839175,0.193263234430124,0.128754157202005,-0.228080730598514,-0.203648589100582,-0.0431470841051645,-0.209806334843804,0.0955284455094814,0.132807174651952,-0.210041889176642,-0.0213546569359493,0.117204680267922,0.308280632618046,0.12825635628005,1,0.292486161966343,0.153434066182574,0.0822668958319099,0.135655570960684,-0.00059712941982444,-0.153461549463527,0.151405376366252,-0.156844761557599,0.102828214866946,0.0215312406116626,-0.10668773051202,0.0890514258355252,-0.0731595244564291,0.0345186350170833,-0.0373788319034097,-0.294191482012829,0.0430926670668133,0.0231601342650599,0.0113084753872575,-0.0311119344671572,0.089450938182514,0.0106985187965545,0.0213275415312249,0.0524653204984288,0.195219423360504,0.113232139950078,-0.119408095202866,0.041785116367215,0.181138027526844,0.067502735934389,-0.0866214038973546,0.00846466421859412,0.00657292976517158,-0.0419733436636996,-0.0946390095175589,0.10655445501914,0.202053612802652,0.186531808148753
"21",-0.114020463527248,-0.0885619320119129,0.133493402444407,0.188994055885884,0.239518375140299,0.183577783086385,0.143050054053791,0.0549968729037917,-0.0365714676596453,-0.040326155943034,-0.0748573396631705,5.91767071513706e-05,0.137098742410199,0.270969749628879,-0.174734830825478,-0.00534061625356159,0.206768510738733,0.21473948241928,0.0847228584421091,0.292486161966343,1,-0.168263687856338,-0.0795120532557838,0.0476605794150248,0.0083670019711639,0.0262939407702178,0.108698429958346,-0.168150611063954,0.130106542253431,0.128136134531726,-0.10979750035546,0.225047771456914,0.122095620300033,0.0157940482689175,0.249725018446297,0.0138092490586754,0.00101036088060847,-0.0459974440040878,0.099577173885847,0.06227800454175,0.0668964131249988,-0.00812965687320498,-0.0487342479109369,-0.0109130601581837,0.290647629288548,0.164530236466053,0.0507751826060967,0.0656170527730773,0.0864391779075634,0.18789242413413,-0.0470432635390532,-0.0806639063528105,-0.115861636959273,0.0353298601693217,-0.14355330260698,-0.00847388153399785,0.0935155484827602,-0.0267091117134045
"22",-0.0681546190096698,0.0379704912266071,0.00953032881206026,-0.11353324232418,-0.131607679059093,-0.065159206688369,0.0572002445299997,0.0745792227667809,-0.0565668246314803,0.117328426028261,-0.0073344865746089,-0.034970268112714,-0.150334098551321,-0.0939797452110331,-0.0971511753917336,-0.115044924323649,-0.0710564237786005,0.00609276522508593,-0.124183930436879,0.153434066182574,-0.168263687856338,1,-0.0327674385973375,-0.0342752174425552,0.0123347080194659,-0.0840155286742653,0.154523265100349,0.0637870485212866,0.0364082323021721,-0.0540619380720233,-0.192468263704791,0.0985110143943845,-0.0795025533738049,-0.0827357661880773,-0.039188175890542,-0.115848565840231,0.0325785481696816,-0.206581855988117,-0.0553925387870065,-0.185825078979405,-0.0555880388469567,0.0438970387718229,0.0553572868430591,0.0531147685027714,0.0598269040166734,0.0279658848873519,-0.0141889117924903,0.077782352099187,-0.0996545354794575,-0.0954937820870851,0.0736809790060574,-0.0209399710343562,-0.0967419814757407,-0.0654633552577725,0.158241872478681,-0.103529279670513,0.0255080781872631,-0.0459628556847016
"23",0.149860861130285,0.0951015647792457,0.0329209453569548,0.0411372744929695,0.107545687836918,-0.0873841499286111,0.0609600362252594,-0.021149074368264,0.18777026860887,-0.105983871094214,0.00117580724568585,0.0244840308039425,-0.0077510083605631,0.0338231857902642,0.0172023060761906,0.185679300009173,0.305594103975588,-0.0173983208124429,-0.127566528887427,0.0822668958319099,-0.0795120532557838,-0.0327674385973375,1,0.294249115598032,0.0146105255663153,-0.177994205108841,0.0793827094962548,-0.0809855150154764,-0.0594393842879598,-0.0696279366021335,-0.175601571615428,-0.140264507218495,0.151215388840887,0.0035909437844986,-0.183844113957109,-0.0312666080555112,-0.00933803193236891,-0.215690044459685,0.0955850507773141,-0.00205779792332566,-0.130178269840371,-0.252815587528614,-0.0115025136718488,-0.136978591663151,-0.118155649177635,0.0312788139749762,-0.00651167039702599,-0.067642796883017,-0.027556822850533,-0.0531783760302794,0.100091946033727,0.21928144305999,-0.0667962358106185,-0.0942233822252701,0.0517513384643579,0.169676015096394,0.183535915245747,0.137312427303373
"24",-0.217233314770172,0.010148310656825,0.00885950411719057,0.0893260934272735,-0.00402275819576182,-0.0107398963980245,0.159849291932241,-0.00071990646964323,0.0681961467440756,-0.188622413508218,-0.0119434427311441,0.0740737685819036,0.0790929070247435,-0.0079796245618402,-0.039668744920718,0.0362954660858006,0.221907865935605,0.206130261317195,0.135475334562988,0.135655570960684,0.0476605794150248,-0.0342752174425552,0.294249115598032,1,-0.163769397166015,-0.0759005583550513,0.055110675329329,0.107683468997405,-0.136656257805199,-0.0827874082015666,-0.0583402470979087,-0.0061218968676061,0.208368453259654,0.182691352402846,0.0634128488196028,-0.0854992186311701,0.13972228480148,0.0556779591709597,0.141818951129894,0.143714578165596,0.0606469144009767,0.0439873145641321,-0.0212603190771941,0.166422535414003,0.0502581595269323,0.143149480022731,0.0898386695923855,-0.0350975307037383,0.122254102010885,0.0757685859320691,0.0190232222446736,-0.102012164592309,-0.0183076051594349,0.00948641375293805,-0.0145029515088057,0.111037753657935,0.33296886339981,0.184716065379999
"25",0.0458872436563846,-0.0451089282579791,0.1920554902439,-0.0710394367089125,0.252685212778322,0.0920427252432105,0.00406418866132798,0.213290059490828,-0.027833038139142,-0.0917221144841546,0.0807115473330397,-0.0168250616694888,0.251341059582566,0.0404496943303606,-0.0920502615628197,0.307302698372623,-0.0787895895276224,-0.144980400251834,-0.140967641196808,-0.00059712941982444,0.0083670019711639,0.0123347080194659,0.0146105255663153,-0.163769397166015,1,-0.00795377610438237,0.0288171402540693,0.0216407686538178,-0.0236748265182454,-0.0171916220930491,0.0459206834123925,0.0608946974388383,-0.0715182572597712,0.161322840424203,0.0719089075837478,0.0440727988763883,0.0812944246437525,0.0623523551890196,0.225632271649847,0.110163876443593,0.236472881977461,0.105819714612313,-0.0404118749892518,-0.215479302919796,-0.0119450662976388,-0.00555765326551694,0.235922088188868,0.0959362533845812,0.286293585697904,0.113455979800849,-0.0536558022557539,-0.150138635735788,-0.00778587497863796,0.0463124057465701,-0.128031951875879,0.0940613220440604,0.00437446297284351,0.0383083903883781
"26",0.0121906051509503,-0.0632322003057447,-0.0786760447602095,0.0541842671540699,0.0949914527692335,-0.0167502257013101,0.0613858525898833,-0.0408139665196366,-0.173753044780639,0.0128585176287035,0.22140367871145,0.24688591716434,0.230425861051784,0.099030131440598,0.216856314089165,0.114027016107804,-0.0505588015754828,-0.119304946819359,0.00175228887595482,-0.153461549463527,0.0262939407702178,-0.0840155286742653,-0.177994205108841,-0.0759005583550513,-0.00795377610438237,1,-0.104918398722256,0.258974680038963,0.160017634707081,0.0462571283558687,0.0890265554163133,0.0777442603272795,-0.0535810852029212,0.126249801187137,0.282151450091233,0.0980111745641687,-0.0409317974081977,0.102252563534221,-0.0922299973170741,0.0266649130223829,0.0400690374339763,0.00474531977631075,-0.106875470730229,-0.165991625193311,0.0958190228900818,0.0476896600880394,-0.0450003576619753,-0.0912133601881495,0.178163258302986,0.0898392577213369,0.113411415566681,0.0655332274464672,0.177595497421269,0.111893834353249,0.0836533906454793,-0.13463187296565,-0.139843362661065,-0.018667302499699
"27",0.0189746924843163,-0.0608373862142073,0.179672526562629,0.0817927022769965,0.109950807352605,0.176719846486215,0.132589000763152,0.110202992990948,-0.0796437134798444,0.00794175127681012,-0.0544092006478854,-0.0766471522865778,-0.0885072327417516,0.194702937768372,0.0460856213002739,0.181912007804953,0.0437630277605203,0.198303371465923,0.13064330272843,0.151405376366252,0.108698429958346,0.154523265100349,0.0793827094962548,0.055110675329329,0.0288171402540693,-0.104918398722256,1,-0.0117685480213837,0.0902040625308633,-0.114176624839498,-0.116853129116594,0.0315843812390826,0.12616342655484,-0.0218605217288577,-0.0124461656264688,-0.0401890978938264,0.25337630137634,-0.157247104621614,0.104749892844233,0.0049708837156838,0.163721142238248,0.0693503342884164,-0.137191191121223,0.0764309545007856,0.220591022689266,0.112898292635214,0.165583765000891,0.0842920947341469,-0.0872484261448005,0.136833742018026,0.0595779846865185,0.0370376625105218,-0.218998220787535,-0.0477087873220191,0.186979711843821,-0.0163204206727724,0.0693673685848588,0.0528992883592344
"28",-0.026279566414416,-0.231408558943746,-0.00059508635235111,-0.0381580538614407,0.0286197136849103,-0.182088524250171,0.0744602960638949,-0.0937815519282161,-0.137695514420105,-0.0574680799410568,0.0655093641356609,0.0611832053576448,0.0832369120192134,-0.0302847093416672,0.0880637124105998,0.0935528117125885,0.0180136869619085,-0.187295033665666,-0.134987024231524,-0.156844761557599,-0.168150611063954,0.0637870485212866,-0.0809855150154765,0.107683468997405,0.0216407686538178,0.258974680038963,-0.0117685480213837,1,-0.022557395982636,-0.192363259856695,-0.123582181002336,-0.0308862897949084,0.0506595253561186,0.0354149138875393,0.0380276271667277,-0.0950060162502815,-0.00996781283511318,0.176342654159171,-0.0559763424109209,-0.128845014902354,0.18958811727091,0.177705270229933,0.0296413240267801,-0.0484164319683294,0.0758433898001855,0.1279556419579,0.156022312744391,-0.044057496280933,0.134382423651782,0.02831881463362,-0.192399076836686,-0.00760872193372313,-0.0641285529505832,-0.146498131288673,0.0567998577164688,-0.027711371371467,-0.0426802593433186,0.137254041053717
"29",0.284444492056034,0.20312665779354,0.0230100444882704,0.148457991308803,-0.0206475945726323,0.145254030019049,-0.0272468251160194,-0.0225879590435967,0.133735279109424,0.226757655047605,0.0588739272201994,0.0720409882213473,0.0423314282711717,-0.177810300755017,-0.00786351013117325,-0.0659269533958203,0.156684886085688,0.0707099558139299,0.138605246643888,0.102828214866946,0.130106542253431,0.0364082323021721,-0.0594393842879598,-0.136656257805199,-0.0236748265182454,0.160017634707081,0.0902040625308633,-0.022557395982636,1,0.0401093177544185,-0.209734978183508,-0.136846841283017,0.0138224794527203,0.0237969695054707,-0.0421387890728122,0.0331852956003712,-0.107337087961239,-0.00855449227759587,-0.184864922237949,0.0595506285093598,-0.0133000455675494,0.116088347129073,0.0720490389418821,0.167189152296945,0.0727837570677532,-0.0217030448646983,-0.116625284330147,0.0472149590344575,0.14159377304626,-0.118649913734103,-0.036681156015541,0.0535928158263213,-0.0247169492000462,-0.172807564261499,-0.0833734213950485,-0.0986324498493452,-0.0986882692451496,0.0433433675323302
"30",0.0674124445873856,0.0279206295528237,0.0371763163449539,-0.0694258821474092,0.0957904037973144,-0.0317829253044266,-0.0571084890049228,0.162999239083927,0.0615299315618306,0.0478000577979924,0.0780262845273615,-0.155504033075578,-0.0659270662677173,0.0182101195736674,-0.045814520593379,-0.2010390882569,-0.00323424703155367,0.0132562759543403,0.180822803464927,0.0215312406116626,0.128136134531726,-0.0540619380720233,-0.0696279366021336,-0.0827874082015666,-0.0171916220930491,0.0462571283558687,-0.114176624839498,-0.192363259856695,0.0401093177544185,1,-0.00708169591756413,-0.0755392638239568,-0.210723391462927,-0.186231102320515,0.095601948168532,0.180956489354961,0.0840641464596729,0.0834378495576482,-0.0942335041589101,-0.0745767703956921,-0.0619307780508813,0.121777042923966,-0.0310987501569451,-0.0361464325963734,-0.00054045885225581,-0.131156775199563,-0.181853132322851,-0.0146826146466484,0.0863892137227141,0.00112276658382253,0.0142997129333999,-0.0878312139787064,0.0600352761407784,-0.138845675027044,-0.016052213643833,-0.0376903433091887,0.051775619643134,-0.0402573958184445
"31",-0.0561905202278672,0.0301670194833571,0.0395823533541482,-0.0975540692907395,0.114954723063191,-0.0189361867531051,0.0797432193298411,0.0338983909149326,0.107980218830269,0.143307287487342,-0.0557770519202936,-0.041756453489859,0.0050499870419139,0.0566742293269359,0.123614711967006,0.0250237557319443,-0.179856312041836,-0.0577923628067518,0.347007559500304,-0.10668773051202,-0.10979750035546,-0.192468263704791,-0.175601571615428,-0.0583402470979087,0.0459206834123925,0.0890265554163133,-0.116853129116594,-0.123582181002336,-0.209734978183508,-0.00708169591756413,1,0.25888917203957,-0.0377928346726316,0.147813994629405,0.0883781104815017,0.133697772701761,-0.0379662788519169,0.052068437032737,0.119338056874673,0.0189013689656621,0.0883982799536611,-0.0316774193166716,-0.0725472205767242,-0.0850463249613856,-0.144976252350553,0.0169230785455741,0.203915063134061,0.00850603008854176,-0.0597581667834972,-0.0836622160265159,0.0204405066956652,-0.0461613910362205,0.17380484551722,0.390035706761047,-0.0811173918204442,0.229986511639585,0.0311821269894401,-0.104149972601243
"32",-0.0313785964207636,0.0288209641992567,0.128679151373101,-0.0851396002439585,0.0732443495012843,0.0122705816489474,0.261061243994657,0.138564568302921,0.0246717261115396,0.0574284327056041,-0.0285962865082897,0.109110579659549,0.143935266298816,0.0167693580774867,-0.00740705809169081,0.0384514191241037,-0.0282234679376172,-0.011598746482137,-0.00774831328700258,0.0890514258355252,0.225047771456914,0.0985110143943845,-0.140264507218496,-0.0061218968676061,0.0608946974388383,0.0777442603272795,0.0315843812390826,-0.0308862897949084,-0.136846841283017,-0.0755392638239568,0.25888917203957,1,0.113576110693006,0.0536298976221807,0.356400303227048,-0.0135144810303089,0.0211966291123826,0.0363345023012483,0.0669915099132356,-0.0681834742369526,0.0993046216497816,0.0508765785830439,0.0263764857784449,-0.147835680655487,0.0417488686324921,0.147122147342897,0.158983688651129,-0.0520740095892237,0.035881557890995,-0.11595753644755,0.0661332346891788,0.0414946253293279,-0.0495143381272507,0.14897126780441,-0.188395727611367,-0.0405603802942576,-0.233113598072307,-0.193382857795294
"33",0.225136375842605,-0.03670056584942,0.161858671852116,0.172486814970195,-0.0911240809411444,0.00172841210088407,-0.00929024380658583,0.0582255802075858,0.0756133622353962,0.0394034023069263,0.309317128708996,0.385603682583113,0.111678838230349,0.0402861062889675,0.111445470208449,0.109601905790495,0.0837749759426096,-0.036634510594117,0.0363226158889675,-0.0731595244564291,0.122095620300033,-0.0795025533738049,0.151215388840887,0.208368453259655,-0.0715182572597712,-0.0535810852029212,0.12616342655484,0.0506595253561186,0.0138224794527203,-0.210723391462927,-0.0377928346726316,0.113576110693006,1,0.327317050478252,0.196671648237449,-0.0606715102545583,-0.0680260366017442,-0.0191442042845131,0.367562419530389,0.21644367799296,0.138137821651684,0.0455000751291081,0.0441796998236643,-0.00055138981731397,0.0764207863941699,0.0394210516047833,0.254150543077785,0.0476405708716861,0.0293032336370949,-0.030766687802378,0.117288210006568,0.316876968062319,-0.110213411194559,-0.0747975109989761,0.201056354685989,0.0912646764571168,0.135985502183504,-0.135181338876679
"34",-0.0651207176331546,-0.00660365783630947,0.0973998600815731,-0.0624518091269281,-0.21471424214868,0.00076793965716898,0.059790616347823,0.0992650399767672,0.0312009717314439,-0.0371855609447966,0.148236350732994,0.136675807337166,0.135394600002355,0.00265852194526632,0.165278106538095,0.118134980271113,0.0873377162097384,-0.0253289364321586,0.15034471556876,0.0345186350170833,0.0157940482689175,-0.0827357661880773,0.0035909437844986,0.182691352402846,0.161322840424203,0.126249801187137,-0.0218605217288577,0.0354149138875393,0.0237969695054707,-0.186231102320515,0.147813994629405,0.0536298976221807,0.327317050478252,1,0.102823975642729,-0.0209808366411284,0.0144364739507792,0.108701916367849,0.0165163524915487,0.183238914519366,-0.015376238223861,0.0462692933245615,-0.0847806976489923,-0.0255856168530082,-0.0565287484306708,-0.059031884931882,0.0679836918718898,-0.0955999699799931,0.0540077204063647,0.0601597663150984,-0.123757126174904,0.080571813537749,0.0179770041085056,0.0510699002687528,0.130570942994736,0.0647651595479722,0.100761566615103,-0.05680897325249
"35",-0.188512812941821,-0.138874777994954,0.216235753779013,-0.0495455439383044,0.079218063455225,0.181710833400396,0.212230205566295,0.190440983395603,-0.254949605838878,-0.148897061816606,0.0605111521432788,0.0521757187785446,-0.00262589184492854,0.215511739356954,0.0710652176299328,-0.0333561306662176,0.0575852653805749,0.0143236382105724,0.0235837379139804,-0.0373788319034097,0.249725018446297,-0.039188175890542,-0.183844113957109,0.0634128488196028,0.0719089075837478,0.282151450091233,-0.0124461656264688,0.0380276271667277,-0.0421387890728122,0.095601948168532,0.0883781104815017,0.356400303227048,0.196671648237449,0.102823975642729,1,0.134221027120834,0.194294344285531,0.21330229454144,0.110347882978276,-0.0632726317324448,0.10648980738907,0.135624592307056,-0.136296765259674,-0.187173952801402,0.110699498369167,0.0641306397125049,0.139026800269119,-0.0192895872779657,-0.059183115718162,0.168275714844975,-0.0337311622576511,-0.0171409382191795,-0.00495811833604258,0.0264635340272138,0.0857010979235423,-0.199123821456594,0.035736476026107,0.0222594360388244
