"","l_Insular.Cortex","r_Insular.Cortex","l_Amygdal.Area","r_Amygdal.Area","l_Bed.Nucleus.of.the.Stria.Terminalis","r_Bed.Nucleus.of.the.Stria.Terminalis","l_Hippocampus","r_Hippocampus","l_Orbitofrontal.cortex","r_Orbitofrontal.cortex","l_Entorhinal.Cortex","r_Entorhinal.Cortex","l_Frontal.Association.Cortex","r_Frontal.Association.Cortex","l_Globus.Pallidus","r_Globus.Pallidus","l_Glomerular.Layer.of.the.Accessory.Olfactory.Bulb","r_Glomerular.Layer.of.the.Accessory.Olfactory.Bulb","l_Glomerular.Layer.of.the.Olfactory.Bulb","r_Glomerular.Layer.of.the.Olfactory.Bulb","l_Granule.Cell.Level.of.the.Cerebellum","r_Granule.Cell.Level.of.the.Cerebellum","l_Hypothalamic.Region","r_Hypothalamic.Region","l_Entorhinal.Cortex","r_Entorhinal.Cortex","l_Vermix.Molecular.Layer.of.the.Cerebellum","r_Vermix.Molecular.Layer.of.the.Cerebellum","l_Lateral.Molecular.Layer.of.the.Cerebellum","r_Lateral.Molecular.Layer.of.the.Cerebellum","l_Anterior.Olfactory.Bulb","r_Anterior.Olfactory.Bulb","l_Posterior.Olfactory.Bulb","r_Posterior.Olfactory.Bulb","l_Subiculum","r_Subiculum","l_Perirhinal.Area","r_Perirhinal.Area","l_PreLimbic.System","r_PreLimbic.System","l_Primary.Cingular.Cortex","r_Primary.Cingular.Cortex","l_Primary.Motor.Cortex","r_Primary.Motor.Cortex","l_Retrosplenial.Cortex","r_Retrosplenial.Cortex","l_Secondary.Cingular.Cortex","r_Secondary.Cingular.Cortex","l_Secondary.Motor.Cortex","r_Secondary.Motor.Cortex","l_Striatum","r_Striatum","l_Ventral.Tegmental.Area","r_Ventral.Tegmental.Area","l_Substantia.Nigra","r_Substantia.Nigra","l_Thalamus","r_Thalamus"
"1",1,0.236699351981905,0.0904851157353099,-0.0185452479331314,-0.132140759503949,-0.0461213964488392,0.0451741239981871,0.165353001767851,0.339468393161568,0.261790335504777,0.0614435785795445,0.222888611808198,-0.0108442109592987,0.0176460508490252,-0.0235599932402802,0.163731346602142,0.143567200144751,-0.00197798497313653,0.0112414872129989,0.0884238076887816,-0.0245929855992707,0.0653296205448971,0.0473215551558912,0.031630390576687,0.0102302206135968,0.0196527670260721,-0.0915821190415185,-0.177765649145034,0.0222955580037362,-0.0141995070714041,0.0605172110267838,-0.0749853442652596,0.32947972017538,0.275706166756134,0.129008759529723,0.264462413727779,0.195825540179399,0.175070594779852,-0.114058059771925,0.119322227406311,-0.115658529673034,-0.28599626536653,0.27915449657377,-0.0495648874151294,0.05422007843965,0.0173705662509358,0.00942082617945882,-0.0905472010090987,0.042240476255432,-0.106741082273943,0.00520516794943737,-0.0813352837977384,0.107062743492011,0.141468530851893,-0.048576031335084,-0.1063531098911,-0.13058280792193,-0.0515658370336502
"2",0.236699351981905,1,0.135729622547124,0.132654853767048,0.0254312096112129,0.140618540758132,-0.10481125346096,-0.0565909767630497,0.170496731223766,0.337352169532599,0.119459127419569,0.305212107142822,0.0813193481002667,0.121834635755495,-0.0987691126493192,0.171536726729014,0.022044806390996,0.166319914222666,0.0102164917224356,0.00846472335439331,0.0428681049303002,0.192653998997165,-0.0077410682956842,-0.0488772289138681,-0.0467407991314893,-0.0260267498752241,0.0772250622759768,-0.0511140508588036,0.0583186872510739,0.144691829302911,0.119169799409209,-0.0110957538268002,0.141040561777405,0.130504565234886,0.0167528596433057,0.0853310088811191,-0.0715615473066977,0.107172178449612,-0.0415285234549897,0.0501027737532874,-0.136592875202459,-0.102445060754519,-0.0937007512927859,0.0453353009007819,0.0971073715732334,-0.052724782839104,0.0494234233568989,0.0645870393216038,-0.0720998871900291,0.0476990431410059,-0.00926211989026058,0.129064578356646,-0.0525875784734175,0.0223558135278377,0.0390794434741816,0.139591436105918,-0.110418317602522,-0.0503322720490134
"3",0.0904851157353099,0.135729622547124,1,-0.0141287513626606,-0.0519164207229482,0.133219207944203,-0.0131678914330891,0.118389961816285,0.0209022222255234,-0.00655100516060157,0.123752218970044,0.0859324450978594,0.00426214627496382,0.114517400857474,0.076481164750452,0.0129920383925199,0.0467911988861875,0.231272995151009,-0.103637166966445,-0.0868500253848488,-0.107757191504924,0.119291116958662,0.0768575605894318,-0.0178956996421193,0.046778650594689,-0.145328641052036,-0.00144773432155724,-0.093534674053598,0.0562446259636045,0.225844496496577,0.00033557190157286,0.0290152646216065,-0.0702677242731827,-0.104457807784269,-0.0209837084142915,0.15999387451355,0.0289064623162071,-0.0960687464703558,-0.0416312762194495,-0.22719725378851,-0.0611104147371617,-0.0410108485210157,-0.0171864266014503,0.0816201424910145,0.118599220042036,0.123744846748165,-0.123671632694557,-0.0639204229356265,0.199675658679523,0.113425899328726,-0.104713591205546,-0.0564947554164614,0.115868669968806,-0.0716666394182463,0.0549136123500368,0.0292486116899559,0.00922316650582227,-0.0884882889366485
"4",-0.0185452479331314,0.132654853767048,-0.0141287513626606,1,-0.0431717999029514,-0.0381609149463046,-0.0450070312523421,-0.00617055681088212,-0.229605126002965,0.00958843928156033,-0.00015812363658973,0.0668378548450563,-0.0315658505287995,-0.0293472951238877,-0.0812516097837054,-0.0348703250515776,-0.00149745964622354,-0.019204384230713,0.237318488152986,0.0522286419764175,-0.0891723639981678,0.129542092513491,0.0939983659554564,0.0615608933737136,-0.165298866740674,0.203846180668349,-0.0429793120212776,-0.193159279843276,-0.178093573726799,0.0900887812531908,0.159529693182064,-0.0655011780710122,-0.206607063847966,-0.0400583610137161,0.126598834838935,-0.0490125946215768,-0.0471600505259653,-0.0866353300934043,-0.199208403390696,0.0628705926306225,0.0730465232830845,0.0649776680896699,-0.0621151064633829,0.05548492968549,0.0841827953028966,0.107684728369547,-0.0455672131972025,0.0893842281181125,-0.1251034476931,0.0118694299850898,-0.0802083187452544,-0.0769805508781344,0.0727135869302676,0.0837078812411366,-0.172933121799587,0.0562437967153738,0.0831103099059059,0.0533720065193651
"5",-0.132140759503949,0.0254312096112129,-0.0519164207229482,-0.0431717999029514,1,0.150496999086977,-0.123133331802968,-0.0627770766969117,0.11849450395918,0.0511558336209005,-0.156661708035148,0.0419302396626448,0.136118938482831,0.0650904368879944,-0.00543546512640537,-0.0600115706392141,0.101518054789335,0.237203984315714,-0.0989760754811065,-0.193641684311092,-0.0174172548099492,-0.0798533750061702,0.177556759599658,0.000434155021269,0.171338997344538,-0.0275299146124767,-0.135979537229374,-0.0822290903201408,0.0129816956405693,-0.104643219190609,-0.129218388185099,0.0447917519301491,-0.0108108037074014,0.00739593203917644,0.0323569882367978,-0.0146320154333625,0.0814977405804486,-0.0271180919638505,-0.0528377856767621,0.0282064619376568,0.138228727648483,0.117925500225874,-0.157233133715351,-0.221341903317403,-0.0189719038690514,-0.173594839109396,0.11480004779871,0.112503794310455,-0.0768127451547841,-0.115620495267501,0.281022118057564,0.174306210129487,-0.0711579558011771,0.0792603933556042,0.0686876916091983,0.160068196377469,0.147722507515463,0.118028403380213
"6",-0.0461213964488392,0.140618540758132,0.133219207944203,-0.0381609149463046,0.150496999086977,1,0.0584979635398642,-0.0476684653299537,0.146142257964494,-0.0224115672160155,-0.00278616175645133,0.0430535595069287,0.195179943433524,0.088739926450653,-0.0279952347527478,-0.0514461117478219,0.00781751405798805,-0.0460084077670673,-0.0932092459206015,-0.0475456152881475,-0.122151609382611,-0.134589773538529,-0.0549231405736115,0.154540269808915,0.12985585040336,0.07192201388164,-0.157950751724015,-0.0379515637137093,-0.107873971539695,0.103612636627746,-0.112753588262314,-0.0234301760167918,0.127200287878987,-0.124365855065873,0.0316968102098364,0.0555949545213262,0.0758082680693702,0.0666214929477096,0.0141450865233189,0.00668793752490792,-0.103194613752099,0.0549230748782727,-0.177840718502168,0.0258871838477425,0.0180121710828239,0.0406575708183654,0.0914592585564038,-0.0385708451686358,-0.0483337926693202,0.0547958102587825,0.103761993468542,0.262477115998783,0.0228413163483506,-0.0847740195003277,0.117608961318834,-0.0499027402891877,0.108355035313947,0.035631793617709
"7",0.0451741239981871,-0.10481125346096,-0.0131678914330891,-0.0450070312523421,-0.123133331802968,0.0584979635398642,1,0.259730208626811,-0.0528524883406061,0.134392676201166,-0.0339186698438715,-0.0229550266793358,-0.206964956335435,0.0432103950660793,0.0260922011185416,-0.053446102715554,0.0576448215991769,0.0857401832570884,0.230794297804372,0.102657567951943,0.0104996519737466,-0.0945946029410782,-0.098322183388047,-0.0549304080717629,-0.0626169015667778,-0.103908286797162,0.346980477978313,0.0991718978743392,-0.00172786336715944,-0.124970381317081,0.199041996898404,0.259166658908113,0.105571542954427,-0.228218032444286,0.197423843751022,0.180415940581277,-0.0131949376970364,0.0571237607430727,0.0614847034268352,-0.0191085315665168,-0.0140322057658284,0.0470417023683596,0.0227503881940493,0.160062757583236,-0.0779810502009154,0.123365340205777,-0.0260457093614485,0.0470179756655143,-0.0631583698428807,-0.101988568946944,-0.154012976000192,-0.122112469667462,-0.0381144498324182,-0.144634063845739,0.112800417189072,-0.187025803370899,0.0399901799002094,-0.00500926484034646
"8",0.165353001767851,-0.0565909767630497,0.118389961816285,-0.00617055681088212,-0.0627770766969117,-0.0476684653299537,0.259730208626811,1,0.0355307936454341,0.301039578423135,0.127606968015247,-0.0104282979331373,-0.192385616790763,0.0847332088047193,-0.0636554717880389,-0.099241217608556,0.03847808691066,0.0892122236141293,0.0392749290997842,-0.115567677057775,0.110418006434795,0.0746421667760164,-0.0617684326443808,-0.116559858885955,-0.0295464643712444,-0.093594497269308,0.0562951019822775,0.0037879986470117,0.0133939263618469,0.252929367406591,0.0302499374966651,0.0971621633406764,-0.0338424575416741,-0.0611649401112871,0.12782052516859,0.329102818745469,0.0345597107785173,0.19427627946757,0.0173092882036798,-0.146761160583867,0.0409450639111072,0.0481398642512582,0.115902044903276,0.343547494723863,-0.00432514536040085,0.0538513161080567,-0.185319990646988,-0.144686885980644,0.0352870047826132,0.0710991457571833,-0.0376897300139434,-0.21863014738565,0.176547469393818,0.0217535435332696,-0.0317367940150916,0.00881293639335574,-0.0787091782044241,-0.00824479877713873
"9",0.339468393161568,0.170496731223766,0.0209022222255234,-0.229605126002965,0.11849450395918,0.146142257964494,-0.0528524883406061,0.0355307936454341,1,0.284253945636694,-0.120354160932101,0.0407238399701748,0.237819687766788,-0.124582189524436,0.0102320584128645,0.154204605108772,0.18174838377208,0.0527044439970317,-0.137869117644593,-0.0374966403956128,-0.0578493803564247,0.0190055625689467,-0.189698505310789,0.0121009928857952,0.00613377284023005,-0.107730306354729,0.0267760524338031,-0.117896963059123,0.0238984037344721,-0.0764263818896888,0.00089631693690659,-0.0406951809540747,0.192682933824403,0.19442493542284,0.0319013991638646,0.276056164645503,0.0730310908326612,0.215295408883534,0.00856699029933173,-0.0228569691095974,-0.148492645893597,-0.137873354321956,0.119449609438238,0.0357662992399389,-0.133865792334794,-0.0253192556873357,0.0434215317918824,-0.108640322426475,0.15911144397316,-0.140415200820302,0.193601325175161,0.121842313470374,-0.0263547092903676,0.246985180953584,0.105112450153722,-0.0988635700627378,-0.0512268022835949,-0.11567659634831
"10",0.261790335504777,0.337352169532599,-0.00655100516060157,0.00958843928156033,0.0511558336209005,-0.0224115672160155,0.134392676201166,0.301039578423135,0.284253945636694,1,0.0911743981089016,0.116379896572465,-0.177515467361451,0.099019892428867,-0.170936223532457,0.120491521192545,0.0922105073605532,0.199920418572324,0.0811208865188114,-0.0767061311163998,0.0686758098528079,0.213889051986169,0.0457471237692359,0.0511655427998543,0.077728985847023,-0.238030208486629,0.142234418971272,0.0366264388091821,0.0654184267533385,0.0896832339086623,0.00063923659853307,0.0177849707808508,0.0705529811312698,0.0875600190959746,0.198020271122988,0.215550504407655,0.0904727961085704,0.27529556700811,-0.118448196110149,0.0815822130618036,0.0962318408720966,-0.0253229158379514,0.108759610703584,0.245915536093054,-0.110222970508248,-0.0368086175015517,0.210174312888092,0.00820354783432755,-0.151999750898072,0.0759410882107546,-0.119253115642337,-0.156968412509354,-0.0578720246249132,0.0315922005398152,-0.0441059017437664,-0.0208925246034696,0.01350618899698,0.0606385475846168
"11",0.0614435785795445,0.119459127419569,0.123752218970044,-0.00015812363658973,-0.156661708035148,-0.00278616175645133,-0.0339186698438715,0.127606968015247,-0.120354160932101,0.0911743981089016,1,0.0816890298575099,-0.129714298128376,0.0823289097227975,-0.161756622778033,0.11860897151111,0.189205427476229,0.0908560469024042,0.0281299959428427,-0.02350825160197,-0.121872162140304,0.0812077396270743,0.138775762791143,-0.113207490111633,-0.0211291795500545,-0.108885838185802,-0.132203657662053,0.00113071946490962,-0.161226201317327,0.210329643589403,0.12019253155895,0.103293985831185,-0.0207925783787483,0.0506107528206909,0.129546877882169,-0.0931019018731394,0.0531770732788767,0.0549099942546994,-0.101944170408093,-0.00046047013867721,0.0620361161821337,0.00066917198686684,-0.0404229450215646,0.0944730643723406,0.0591353307607709,0.00627224108291566,0.0929741263398462,0.0874070536974881,-0.165224365244554,0.0773185743448009,-0.281845154506421,-0.152364585198992,0.167117397810955,-0.23343864936748,0.00114251541618832,-0.0571590067412859,-0.0765551230741142,0.0619573779040676
"12",0.222888611808198,0.305212107142822,0.0859324450978594,0.0668378548450563,0.0419302396626448,0.0430535595069287,-0.0229550266793358,-0.0104282979331373,0.0407238399701748,0.116379896572465,0.0816890298575099,1,0.0316113109380013,0.102196408301193,-0.138647820209379,0.157472722915996,-0.00251460717233062,0.0268271847173864,0.035985146030058,-0.0580954956550096,0.0821300059880865,0.0940132299808381,-0.0178637311700481,0.119396532992748,-0.100692258304989,-0.0324345790063692,0.0879247325256677,0.0785281812262539,0.0039491248068182,0.0741771499688046,0.156721131893759,-0.117156083633407,0.212721285987637,0.107092063315428,0.071617387787103,-0.040545182579428,-0.0526564427424089,-0.205222191225594,0.057705214196996,0.146661550321199,-0.207491350476424,-0.12393487223377,-0.0839288847492141,-0.142358454180384,-0.0926669992269372,-0.130928406291241,0.118801574857826,0.0991615426134228,-0.127249241010246,-0.0815021116116735,0.172139415676085,0.0733486333958501,0.12837844166031,0.0150154270868535,0.0382858489029923,-0.0731652225459667,-0.036968879422426,0.0912271921407626
"13",-0.0108442109592987,0.0813193481002667,0.00426214627496382,-0.0315658505287995,0.136118938482831,0.195179943433524,-0.206964956335435,-0.192385616790763,0.237819687766788,-0.177515467361451,-0.129714298128376,0.0316113109380013,1,-0.175290208495714,0.0435399588959934,-0.186522477289377,0.0903842120251259,-0.107115899435959,-0.227054971696643,0.00253245089757363,0.00944225792262885,-0.0814715779073689,0.00973310639722707,0.142693085856922,0.125366779495618,0.0577526750277588,-0.166605973415501,-0.262962407240056,-0.208049264025476,-0.0858928383016651,-0.134258187923757,-0.21776599617667,0.125981368673944,0.0653032973330599,-0.0372506358236366,-0.0572478458162958,0.0213383607391001,-0.0233605092521078,0.0511540658583312,0.0365736419322343,-0.105287716649466,-0.0618569929212227,0.0232374735220883,-0.0542304152499036,0.011669874134757,0.0145380149453025,0.0154789668362667,0.163565168895091,0.547323507331009,-0.098062416745382,0.315527131845575,0.172930427412692,0.0741829231353728,0.232632545999226,0.128067079637463,0.084972875280518,-0.00229849566934446,-0.0331873803913095
"14",0.0176460508490252,0.121834635755495,0.114517400857474,-0.0293472951238877,0.0650904368879944,0.088739926450653,0.0432103950660793,0.0847332088047193,-0.124582189524436,0.099019892428867,0.0823289097227975,0.102196408301193,-0.175290208495714,1,-0.243693758726302,0.0514953509923855,0.14617818832946,0.479661195677839,-0.0141992957939315,-0.114285277639431,-0.22074772483982,0.0545741533568986,0.0249994286596118,-0.0887852392014799,0.23461136777787,0.0879940499002151,-0.0471372562181652,-0.111637982280435,0.113102697279232,0.0440589279857338,-0.0335772287049953,0.00264326756228886,0.0961715427053065,-0.0395964325057484,-0.0580452030010674,-0.0887780523943208,0.127392174895755,-0.133933413933592,0.0646657731729968,0.0804026745690828,-0.100053724191503,0.02712127056347,-0.0214530661733157,-0.0329955069986711,-0.171180117965677,0.0293027830465366,0.00326288368038256,0.00707827147096292,-0.230466895356059,0.640271010904418,0.0562399461126104,0.00971495754670381,0.0463877947403466,-0.0179420916977364,0.122043141928002,0.0727029746731698,0.13162352922256,0.109620120905066
"15",-0.0235599932402802,-0.0987691126493192,0.076481164750452,-0.0812516097837054,-0.00543546512640537,-0.0279952347527478,0.0260922011185416,-0.0636554717880389,0.0102320584128645,-0.170936223532457,-0.161756622778033,-0.138647820209379,0.0435399588959934,-0.243693758726302,1,-0.0365038787889184,0.0595081507333093,-0.0712269902756763,-0.0105846707488758,0.137460992470651,0.00989080259914535,-0.0881288776136346,0.0408737158708342,0.0664571915346878,-0.0145853618756257,0.0912398986779143,-0.0730633140346344,0.029543870208072,0.119053972784399,0.0770701564780311,0.191143843242353,0.058724979228137,0.0322996270384401,0.0397637412978138,0.0670009109308105,-0.00651067779268341,-0.0773359598094001,-0.0633557792309979,0.172540397362815,-0.132989052546039,0.0541635554048379,0.048615395923042,-0.0747221741352569,-0.00899260011329954,0.104885569480634,0.0250266457281997,-0.083957822175952,0.0163900505122084,0.198748738002516,-0.192601667387065,0.0291675821587183,0.0536074292005397,0.0761941487575157,0.0483189804598909,-0.118240789172029,-0.228178477574541,0.111343105500104,-0.0425788128616617
"16",0.163731346602142,0.171536726729014,0.0129920383925199,-0.0348703250515776,-0.0600115706392142,-0.0514461117478219,-0.053446102715554,-0.099241217608556,0.154204605108772,0.120491521192545,0.11860897151111,0.157472722915996,-0.186522477289377,0.0514953509923856,-0.0365038787889184,1,-0.0690156025800723,-0.0627710888349108,0.00903598424412409,-0.178809757366098,0.0153156668374209,-0.00326833719804967,0.0880407984849663,-0.112601442229554,-0.110525256869219,-0.154985558794362,-0.0592491542067989,-0.092088139662283,0.0869546128919892,-0.124933357646533,0.0939873443533734,0.0774009403529451,0.155172888196123,0.288501189573429,0.130933128177801,-0.0579008998148106,0.0768543445209553,0.156525027987353,-0.114313959899796,-0.0312799953326843,0.0227620144842774,-0.037013976962954,-0.0385716624520655,-0.0719850531437012,0.0478178134384196,0.106246502617394,0.288329668307343,0.231591799728,-0.159550960190177,-0.0986823191036944,-0.0963872015574035,0.0210962077473462,-0.0035918309956735,-0.0762053709215593,-0.00539931920258921,-0.094542316831716,0.018212551180417,0.0814886487322226
"17",0.143567200144751,0.022044806390996,0.0467911988861875,-0.00149745964622354,0.101518054789335,0.00781751405798805,0.0576448215991769,0.0384780869106601,0.18174838377208,0.0922105073605533,0.189205427476229,-0.00251460717233062,0.0903842120251259,0.14617818832946,0.0595081507333093,-0.0690156025800723,1,0.34399021112431,-0.0458567140632308,0.0262243587922838,-0.101666674742302,-0.124643050399374,0.0539504178690502,0.109003506231488,0.0684907733515608,-0.0729355384938819,0.0448857673365701,-0.057158825144846,-0.0600435013468303,0.0390562391059389,0.156235384141578,0.143348641147358,0.099434496032342,0.00538515660821509,0.13364118701308,0.0419921258932617,0.0952815558026758,0.119713947769339,0.0346136216900394,0.046772737451944,-0.0908606016848353,-0.284662704882362,0.154300936146331,-0.129153813416014,-0.0698780802247483,-0.128521111633749,-0.0890486987853241,-0.02702556452581,0.282979303498983,0.011801743166879,-0.0708017991738834,-0.0235121573895684,0.0874881222352427,-0.0540254126298857,0.184705596311014,-0.0109046087663964,-0.00918529080877281,0.0734193629998677
"18",-0.00197798497313653,0.166319914222666,0.231272995151009,-0.019204384230713,0.237203984315714,-0.0460084077670673,0.0857401832570884,0.0892122236141293,0.0527044439970317,0.199920418572324,0.0908560469024042,0.0268271847173864,-0.107115899435959,0.479661195677839,-0.0712269902756763,-0.0627710888349108,0.343990211124311,1,-0.00753459628071631,-0.0656657915658274,-0.256356287032082,0.0639109630496221,0.170720616734857,0.0626054329893133,0.0857283504547505,-0.0830035228601063,0.10396558053793,-0.108148341521323,0.0128368296114352,0.0594882507006342,0.154330763278277,0.181553530405214,0.0155343445864705,-0.044598310058338,-0.1756747576423,-0.0952224069622401,-0.0262756507241239,-0.155115983670115,0.0346817583966032,-0.143293284256263,0.0148248940040031,0.0148537463262098,-0.221504783458009,0.0870821354528581,-0.051103074795106,-0.0861079991154456,-0.118391609661513,-0.112958579396579,-0.0700776054895802,0.429844916309291,-0.0360665672710364,0.0286686054065292,0.00969414584253948,0.00746084077168747,0.171181089789135,0.140882019027687,0.0423439832266414,0.00854629629138543
"19",0.0112414872129989,0.0102164917224356,-0.103637166966445,0.237318488152986,-0.0989760754811065,-0.0932092459206015,0.230794297804372,0.0392749290997843,-0.137869117644593,0.0811208865188114,0.0281299959428427,0.035985146030058,-0.227054971696643,-0.0141992957939315,-0.0105846707488758,0.00903598424412409,-0.0458567140632308,-0.00753459628071631,1,0.169158445164283,-0.12196374940177,0.144837137425509,0.0854152385720928,0.0211457891024623,-0.168916678689533,0.204522952348166,0.172746432916949,0.00808930962137569,0.0315656537450027,-0.0211120462729683,0.263169501076269,0.184270476602318,0.0299013580275635,-0.119947531964834,0.18698319701814,0.182654005336132,-0.0794162968147496,0.185587020370079,-0.036641535809914,0.0646096208884211,0.16865349948592,0.111736599137253,-0.0554495003067621,0.05674452383875,0.0352327854512159,0.111412049378272,0.114579550477702,0.0964685099242705,-0.212206086247784,-0.00116060462770287,-0.0990898133073644,-0.00881215103019046,0.0948541589332623,0.0287226432555209,-0.0695947818180354,-0.00334131678755148,-0.00478562163149774,0.0610706381001229
"20",0.0884238076887816,0.00846472335439331,-0.0868500253848488,0.0522286419764175,-0.193641684311092,-0.0475456152881475,0.102657567951943,-0.115567677057775,-0.0374966403956128,-0.0767061311163998,-0.02350825160197,-0.0580954956550096,0.00253245089757363,-0.114285277639431,0.137460992470651,-0.178809757366098,0.0262243587922838,-0.0656657915658274,0.169158445164283,1,-0.0932805349502918,-0.107086744533302,-0.0544967990138072,0.0737043620555754,-0.0662470328548913,0.0687279075833284,0.151267084896603,0.130986884893169,0.0653446512768223,-0.129368880989873,0.0661614102825116,0.142677508706596,-0.1221554892347,-0.196567441174023,0.0248418768240974,0.153014967423763,-0.147200945725006,-0.097525477270685,-0.0538464187530615,0.0534202622513118,0.0257493905563122,0.0242715220588213,0.0723963627767222,0.0591908147113063,-0.12035748506369,0.106710822503789,-0.101340610578879,0.0201218689386153,0.107949560015933,-0.0452860414365151,-0.0977872748534168,0.165797105808056,-0.08023327217633,0.132324781593392,-0.0137058340132376,-0.111742657128594,0.0690003831128802,0.0670823102935291
"21",-0.0245929855992707,0.0428681049303002,-0.107757191504924,-0.0891723639981678,-0.0174172548099492,-0.122151609382611,0.0104996519737466,0.110418006434795,-0.0578493803564247,0.0686758098528079,-0.121872162140304,0.0821300059880865,0.00944225792262885,-0.22074772483982,0.00989080259914535,0.0153156668374209,-0.101666674742302,-0.256356287032082,-0.12196374940177,-0.0932805349502918,1,-0.248447488533097,-0.0924429204739315,-0.177518745454026,0.019735977256294,-0.0392859905621294,0.0818321314464913,0.134021607887865,0.0892503544027143,-0.109355594583591,-0.26532195272586,-0.00724423423811268,0.00706480232302531,0.177300388275445,-0.0130635844073757,-0.0789701632375327,-0.0441772840873132,-0.00342913564642446,0.0172496410680974,-0.111541789171887,0.00818365151643593,0.0906322424413404,-0.0351593471469414,0.0396591660806239,6.16916836069757e-05,0.0147374077049724,0.0486822964490436,0.13886869421726,0.0678821131378553,-0.149757442036846,0.0493333908424972,-0.0489231366678883,-0.0395486734768857,-0.111350708671856,-0.0181550149766137,0.185674414884573,-0.13093129537777,6.13886634311081e-05
"22",0.0653296205448971,0.192653998997165,0.119291116958662,0.129542092513491,-0.0798533750061702,-0.134589773538529,-0.0945946029410781,0.0746421667760164,0.0190055625689467,0.213889051986169,0.0812077396270743,0.0940132299808381,-0.0814715779073689,0.0545741533568987,-0.0881288776136346,-0.00326833719804967,-0.124643050399374,0.0639109630496221,0.144837137425509,-0.107086744533302,-0.248447488533097,1,-0.026798012621437,0.0164942877680194,-0.0285829476947856,-0.0280787145824447,0.0819353649635044,0.0744336034845796,-0.0488834180738293,0.169333613072196,0.163704537840814,-0.113209033081192,0.0488942372781444,-0.077423434942549,0.143485248113554,0.172388197233325,-0.0244785753813894,0.102846665594644,0.0251541870065186,0.101564466910305,-0.175358217942572,-0.112621925927153,0.0810971653610963,-0.00954155250081772,-0.0465252037130762,0.029976492587016,-0.0515135271202983,-0.0854819268076065,-0.102603106637084,-0.043445961047048,-0.0229162342673306,-0.148683073288058,0.0287824062687344,0.106206400822223,-0.237061346648411,0.0658739020357165,-0.00137429848270826,-0.0654635611344795
"23",0.0473215551558912,-0.0077410682956842,0.0768575605894318,0.0939983659554564,0.177556759599658,-0.0549231405736115,-0.098322183388047,-0.0617684326443808,-0.189698505310789,0.0457471237692359,0.138775762791143,-0.0178637311700481,0.00973310639722707,0.0249994286596118,0.0408737158708342,0.0880407984849663,0.0539504178690502,0.170720616734857,0.0854152385720928,-0.0544967990138072,-0.0924429204739315,-0.026798012621437,1,0.0979032979639567,0.168234564924243,-0.0103632646550523,-0.246591635386706,-0.0174533094553014,-0.109443396580822,0.0242237349466902,0.0107149278898588,-0.0159384445475756,0.209146006821235,-0.0604053867490096,-0.0185201916103158,-0.0550278469225635,0.283215521872291,-0.141795513091722,0.0591307178251829,0.134889126472257,0.176775485460293,-0.0974496632027198,-0.0302655566007194,-0.0774547410396186,0.145035042444323,0.0307198431077846,0.136590804118324,0.0686710736489177,-0.0162464823387622,0.00462342065633322,-0.023768598291974,0.00500016428620027,0.109347595397126,0.152251349432393,-0.11975606873936,-0.0772016235848033,0.125328888977877,0.0588383597893663
"24",0.031630390576687,-0.0488772289138681,-0.0178956996421193,0.0615608933737136,0.000434155021269,0.154540269808916,-0.0549304080717629,-0.116559858885955,0.0121009928857952,0.0511655427998543,-0.113207490111633,0.119396532992748,0.142693085856922,-0.0887852392014799,0.0664571915346878,-0.112601442229554,0.109003506231488,0.0626054329893132,0.0211457891024623,0.0737043620555754,-0.177518745454026,0.0164942877680194,0.0979032979639567,1,0.144946475692561,0.163934873003908,-0.00903466280961805,-0.00494803101822065,0.00433474423231688,-0.00942226320856904,-0.0398240380174359,-0.0260330896000153,0.086848641806053,0.0118137180958888,0.0534645599053845,-0.0766476905205941,-0.0336092115655625,-0.156537672608618,0.0991020145191493,0.2206756999772,-0.00819719149138976,-0.0824130177957394,-0.144672139303708,-0.178177929282426,0.0862182795906983,-0.0871942946837192,0.14940989844879,-0.0482396948369064,-0.00443940181107038,0.0414563380977329,-0.0532166841698336,0.012654936611004,-0.0108261094777094,0.136656208476499,0.0316006426315635,-0.0490911106780448,0.0811072106710339,0.190648334592748
"25",0.0102302206135968,-0.0467407991314893,0.046778650594689,-0.165298866740674,0.171338997344538,0.12985585040336,-0.0626169015667778,-0.0295464643712444,0.00613377284023005,0.077728985847023,-0.0211291795500545,-0.100692258304988,0.125366779495618,0.23461136777787,-0.0145853618756257,-0.110525256869219,0.0684907733515608,0.0857283504547505,-0.168916678689533,-0.0662470328548913,0.019735977256294,-0.0285829476947856,0.168234564924243,0.144946475692561,1,0.0899307440862507,-0.119384052770076,0.0673380071187982,0.181268605276493,-0.0709235552874524,-0.122231416637451,-0.00274871323856148,0.0361011697607305,-0.137248672202497,0.00090501731072207,0.102244295798579,0.224959161798664,0.0785984862565152,0.0381113511835544,0.042401980277185,-0.00523552286205739,-0.0434910608967466,-0.00126248267545067,-0.111844508789431,-0.00626167966034127,-0.0381842541857578,0.116513113698773,0.0815174631021029,-0.0278033498319319,0.183592536631335,0.0776677310691942,0.0695050431708256,-0.0691445216726089,0.0936133712744596,0.185143244629073,0.0837468115174616,0.14802014434449,-0.00486021452113867
"26",0.0196527670260721,-0.0260267498752241,-0.145328641052036,0.203846180668349,-0.0275299146124767,0.07192201388164,-0.103908286797162,-0.093594497269308,-0.107730306354729,-0.238030208486629,-0.108885838185802,-0.0324345790063692,0.0577526750277588,0.0879940499002151,0.0912398986779143,-0.154985558794362,-0.0729355384938819,-0.0830035228601063,0.204522952348166,0.0687279075833284,-0.0392859905621294,-0.0280787145824447,-0.0103632646550523,0.163934873003908,0.0899307440862507,1,-0.10209166989599,0.0176499634537246,0.044212708152068,-0.102703087574943,-0.0673333165203396,-0.0583432927127664,-0.0355840571168076,0.00628808362758227,-0.0576373583863139,0.0808405434354486,0.019683108417597,-0.103237380740867,0.0969362483159106,0.0356520121179053,0.0551255494928711,0.151546137676699,-0.175809081896878,-0.0922056643695467,0.0282670352556689,0.00121254884557748,0.0157426537511048,-0.0480921248725743,-0.166060707852791,0.135961038858945,0.215126960255537,0.148255803155042,-0.001620339190647,0.104936239116265,-0.0644560218025332,0.157144950418519,-0.00365579472057865,0.124705475985027
"27",-0.0915821190415185,0.0772250622759768,-0.00144773432155724,-0.0429793120212776,-0.135979537229374,-0.157950751724015,0.346980477978313,0.0562951019822775,0.0267760524338031,0.142234418971272,-0.132203657662053,0.0879247325256677,-0.166605973415501,-0.0471372562181652,-0.0730633140346344,-0.0592491542067989,0.0448857673365701,0.10396558053793,0.172746432916949,0.151267084896603,0.0818321314464913,0.0819353649635044,-0.246591635386706,-0.00903466280961805,-0.119384052770076,-0.10209166989599,1,0.133397517675346,0.192662418425029,0.00452630135613288,0.194182480532779,0.0498655626811682,-0.07788379490603,-0.243238995114011,-0.0273603928190957,0.191403852308363,-0.2234028623479,-0.0238612088012723,0.13343706339388,-0.0477123812544013,-0.135758325958403,0.0315182481891019,0.0294714585489193,0.170255230889442,-0.00919373767756551,0.187984248896434,-0.0759926232927298,-0.124385840221236,0.0740651211073922,0.0391195283531503,-0.143133866752828,-0.0293485260009293,-0.178355010449547,-0.119664775824316,0.0478469703101641,0.133674362622222,0.00721393749960408,-0.111170498874595
"28",-0.177765649145034,-0.0511140508588036,-0.093534674053598,-0.193159279843276,-0.0822290903201408,-0.0379515637137093,0.0991718978743392,0.0037879986470117,-0.117896963059123,0.0366264388091821,0.00113071946490962,0.0785281812262539,-0.262962407240056,-0.111637982280435,0.029543870208072,-0.092088139662283,-0.057158825144846,-0.108148341521323,0.00808930962137569,0.130986884893169,0.134021607887865,0.0744336034845796,-0.0174533094553014,-0.00494803101822065,0.0673380071187982,0.0176499634537246,0.133397517675346,1,0.130030572465966,-0.0467322452042242,0.0429534253583444,-0.0761926578553943,-0.0661625675314626,-0.307386946004141,0.0490389375121519,-0.0325475939824852,-0.2041312300371,-0.13515719848928,0.213666523456755,-0.0278540346760301,-0.011635154547867,0.0963977749600338,-0.0751235292784992,0.111919056504741,-0.129217688416353,-0.0091218263643993,0.0898050871966155,0.0405167645861308,-0.0829407263710388,-0.0043849138130635,-0.115131459559133,0.0428945476539793,-0.251917113550803,-0.125071891044949,-0.0607423674272064,-0.0580560028603353,0.0750933716259336,0.0864067639708027
"29",0.0222955580037362,0.0583186872510739,0.0562446259636045,-0.178093573726799,0.0129816956405693,-0.107873971539695,-0.00172786336715943,0.0133939263618469,0.0238984037344721,0.0654184267533385,-0.161226201317327,0.0039491248068182,-0.208049264025476,0.113102697279232,0.119053972784399,0.0869546128919892,-0.0600435013468303,0.0128368296114352,0.0315656537450027,0.0653446512768223,0.0892503544027143,-0.0488834180738293,-0.109443396580822,0.00433474423231688,0.181268605276493,0.044212708152068,0.192662418425029,0.130030572465966,1,0.0993049543968857,0.0611767106766136,0.181298927547438,0.021303920877208,-0.00017283005804703,0.00744722297385257,0.051291299270338,0.0988397121796694,0.164713163077046,0.0539734382677179,0.119598195630586,-0.13471440359161,0.00448033518954857,0.111190415981962,0.0272934143180989,0.0126591915119253,-0.0173748928935062,-0.01127557158541,-0.0508352276196957,0.0634940794412961,0.110202750026052,-0.0549233814835568,0.00126233583457397,-0.237459604796882,-0.0264748655157486,-0.00327724930914335,0.0716500924598619,-0.0367199549109297,-0.0964181876492593
"30",-0.0141995070714041,0.144691829302911,0.225844496496577,0.0900887812531908,-0.104643219190609,0.103612636627746,-0.124970381317081,0.252929367406591,-0.0764263818896888,0.0896832339086623,0.210329643589403,0.0741771499688046,-0.0858928383016651,0.0440589279857337,0.0770701564780311,-0.124933357646533,0.0390562391059389,0.0594882507006342,-0.0211120462729683,-0.129368880989873,-0.109355594583591,0.169333613072196,0.0242237349466902,-0.00942226320856904,-0.0709235552874524,-0.102703087574943,0.00452630135613288,-0.0467322452042242,0.0993049543968857,1,0.134294835700227,-0.150276347640984,-0.0428306792035863,0.0550509419956312,-0.0409317742759277,-0.012802153087973,-0.00177196061927405,-0.0307239829024288,0.0286426760657311,0.019832472518698,0.00543519858113751,-0.12769324006631,-0.0428059277452262,0.0823457527540946,0.125017525933032,0.145648420558772,-0.00711330987069611,-0.0843724381155968,0.0261031834138829,0.0532080080389469,-0.0556845114628429,-0.186053228077168,0.0530206913361438,-0.0414159332366168,-0.0569374562680326,-0.0890115610484317,-0.0757646495399706,-0.238026918954547
"31",0.0605172110267838,0.119169799409209,0.00033557190157286,0.159529693182064,-0.129218388185099,-0.112753588262314,0.199041996898404,0.0302499374966651,0.00089631693690659,0.00063923659853307,0.12019253155895,0.156721131893759,-0.134258187923757,-0.0335772287049953,0.191143843242353,0.0939873443533734,0.156235384141578,0.154330763278277,0.263169501076269,0.0661614102825116,-0.26532195272586,0.163704537840814,0.0107149278898588,-0.0398240380174359,-0.122231416637451,-0.0673333165203396,0.194182480532779,0.0429534253583444,0.0611767106766136,0.134294835700227,1,0.198858758156093,0.00742078873244606,-0.164933298512866,0.117237582971545,0.0582749278743703,-0.165420299237729,0.0326380195007447,0.0645124325999226,-0.190656055523615,0.106205529149072,-0.00263903450827991,-0.0493540204806443,-0.0286952522640718,0.235473764209272,0.113307707654458,-0.076102642130684,0.0631016461816822,-0.0930102929559451,-0.12594877593333,-0.20969140839,-0.0412525704623376,0.16026753643153,0.0268770910189308,0.047052577108293,-0.160509366876269,-0.0356511771713775,-0.129376367221681
"32",-0.0749853442652596,-0.0110957538268002,0.0290152646216065,-0.0655011780710122,0.0447917519301492,-0.0234301760167918,0.259166658908113,0.0971621633406764,-0.0406951809540747,0.0177849707808508,0.103293985831185,-0.117156083633407,-0.21776599617667,0.00264326756228886,0.058724979228137,0.0774009403529452,0.143348641147358,0.181553530405214,0.184270476602318,0.142677508706596,-0.00724423423811268,-0.113209033081192,-0.0159384445475756,-0.0260330896000153,-0.00274871323856148,-0.0583432927127664,0.0498655626811682,-0.0761926578553943,0.181298927547438,-0.150276347640984,0.198858758156093,1,-0.148191625348159,-0.144835130877816,0.172716078797176,0.0372104203414829,-0.00288419830857041,0.1725913129772,-0.0801094855313375,-0.226485361519875,0.131173417600623,0.111395759583983,-0.0257879258114548,-0.0137018131022682,0.123855194118042,0.0416240850024906,-0.0742882658525868,-0.0417961497663275,-0.0782372135240361,-0.0434679091041388,-0.157465663781875,-0.0319611873574875,0.0290870273376447,-0.172914020240883,0.137733815954301,0.0320078577541931,0.01952365869349,0.0258786328494218
"33",0.32947972017538,0.141040561777405,-0.0702677242731827,-0.206607063847966,-0.0108108037074014,0.127200287878987,0.105571542954427,-0.0338424575416741,0.192682933824403,0.0705529811312698,-0.0207925783787483,0.212721285987637,0.125981368673944,0.0961715427053065,0.0322996270384401,0.155172888196123,0.099434496032342,0.0155343445864705,0.0299013580275635,-0.1221554892347,0.00706480232302531,0.0488942372781444,0.209146006821235,0.086848641806053,0.0361011697607305,-0.0355840571168076,-0.07788379490603,-0.0661625675314626,0.021303920877208,-0.0428306792035863,0.00742078873244607,-0.148191625348159,1,0.296633095030827,0.0770708930336068,0.0529622241538465,0.154680327900417,0.0885223127367356,0.161627582139386,0.248257260321877,-0.0792500507399182,-0.235069724820769,-0.0678618634103847,-0.136182575562921,-0.0757527072429731,3.9639670390116e-05,0.108247522622197,0.0466954818010129,0.0344932694685935,-0.106912673098262,0.211983312324651,0.115496580179316,0.178609622506283,0.124394722821992,-0.0825302726499551,-0.0156961310450846,-0.0494426595324569,0.0313030094969312
"34",0.275706166756134,0.130504565234886,-0.104457807784269,-0.0400583610137161,0.00739593203917644,-0.124365855065873,-0.228218032444286,-0.0611649401112871,0.19442493542284,0.0875600190959746,0.0506107528206909,0.107092063315428,0.0653032973330599,-0.0395964325057484,0.0397637412978138,0.288501189573429,0.00538515660821509,-0.044598310058338,-0.119947531964834,-0.196567441174023,0.177300388275445,-0.077423434942549,-0.0604053867490095,0.0118137180958888,-0.137248672202497,0.00628808362758227,-0.243238995114011,-0.307386946004141,-0.00017283005804703,0.0550509419956312,-0.164933298512866,-0.144835130877816,0.296633095030827,1,-0.0232588057364566,-0.113939919641228,0.0516122483611694,0.039401032551523,-0.0310550472362156,0.316308801116416,-0.0376085209966996,-0.0918381450369737,-0.10350081725166,-0.212812151389637,-0.177604578594709,-0.190640480361507,0.15713912615413,0.123792551846147,-0.0792212169834107,-0.121484211025663,0.120990712005111,0.0311111392256282,0.0890834171198724,0.0352561578158529,0.00929956894075023,-0.0569814170026785,-0.182279756470166,-0.0112951126491339
"35",0.129008759529723,0.0167528596433057,-0.0209837084142915,0.126598834838935,0.0323569882367978,0.0316968102098364,0.197423843751022,0.12782052516859,0.0319013991638646,0.198020271122988,0.129546877882169,0.071617387787103,-0.0372506358236366,-0.0580452030010674,0.0670009109308105,0.130933128177801,0.13364118701308,-0.1756747576423,0.18698319701814,0.0248418768240974,-0.0130635844073757,0.143485248113554,-0.0185201916103158,0.0534645599053845,0.00090501731072207,-0.0576373583863139,-0.0273603928190957,0.0490389375121519,0.00744722297385257,-0.0409317742759277,0.117237582971545,0.172716078797176,0.0770708930336068,-0.0232588057364566,1,0.146497948611455,0.15580965632467,0.165228945299313,-0.0502235025043449,0.115745075345596,-0.0972754996377985,-0.05359400776896,0.0662909471093827,-0.177919496692874,0.093791762372394,0.116336104951758,0.149438561548646,0.199120534753062,-0.0245783315516261,-0.293295027993907,-0.0135153828677013,-0.159138815794891,0.277880159169183,0.0705381858058329,-0.0291484657773722,0.162613860378999,-0.0443406847502929,0.0503808874121421
