"","l_Insular.Cortex","r_Insular.Cortex","l_Amygdal.Area","r_Amygdal.Area","l_Bed.Nucleus.of.the.Stria.Terminalis","r_Bed.Nucleus.of.the.Stria.Terminalis","l_Hippocampus","r_Hippocampus","l_Orbitofrontal.cortex","r_Orbitofrontal.cortex","l_Entorhinal.Cortex","r_Entorhinal.Cortex","l_Frontal.Association.Cortex","r_Frontal.Association.Cortex","l_Globus.Pallidus","r_Globus.Pallidus","l_Glomerular.Layer.of.the.Accessory.Olfactory.Bulb","r_Glomerular.Layer.of.the.Accessory.Olfactory.Bulb","l_Glomerular.Layer.of.the.Olfactory.Bulb","r_Glomerular.Layer.of.the.Olfactory.Bulb","l_Granule.Cell.Level.of.the.Cerebellum","r_Granule.Cell.Level.of.the.Cerebellum","l_Hypothalamic.Region","r_Hypothalamic.Region","l_Entorhinal.Cortex","r_Entorhinal.Cortex","l_Vermix.Molecular.Layer.of.the.Cerebellum","r_Vermix.Molecular.Layer.of.the.Cerebellum","l_Lateral.Molecular.Layer.of.the.Cerebellum","r_Lateral.Molecular.Layer.of.the.Cerebellum","l_Anterior.Olfactory.Bulb","r_Anterior.Olfactory.Bulb","l_Posterior.Olfactory.Bulb","r_Posterior.Olfactory.Bulb","l_Subiculum","r_Subiculum","l_Perirhinal.Area","r_Perirhinal.Area","l_PreLimbic.System","r_PreLimbic.System","l_Primary.Cingular.Cortex","r_Primary.Cingular.Cortex","l_Primary.Motor.Cortex","r_Primary.Motor.Cortex","l_Retrosplenial.Cortex","r_Retrosplenial.Cortex","l_Secondary.Cingular.Cortex","r_Secondary.Cingular.Cortex","l_Secondary.Motor.Cortex","r_Secondary.Motor.Cortex","l_Striatum","r_Striatum","l_Ventral.Tegmental.Area","r_Ventral.Tegmental.Area","l_Substantia.Nigra","r_Substantia.Nigra","l_Thalamus","r_Thalamus"
"1",1,0.425184679127196,0.11028068192829,0.0859036133650752,-0.133972328821479,-0.252853229990741,0.210116444657951,-0.109248782922626,0.307947725377484,-0.00297061266829302,0.279211420267,0.181836187512748,0.147388039167434,-0.103795533296296,0.215483931293854,0.301227789137704,-0.137232967682685,-0.0265028127716806,-0.0339853175103254,0.142250791448366,0.176934812959524,0.24704902878696,-0.193727291536447,-0.0765487995679287,0.129754538304434,0.137022254986145,0.233376507002629,0.0642459172659306,0.0863468476623217,0.401176459032633,-0.0224203431780789,-0.127809643465999,0.105991934143762,0.0214507851165953,-0.01752096700652,-0.0817209560038987,0.0708942838013028,-0.133960704492237,0.0494680770549928,-0.0069873919199787,-0.134787460643108,-0.0204895565686714,0.139593307450217,0.0987356683718279,-0.0439874497435362,0.10247130232208,0.145556976528124,0.12170955207333,-0.0272847592573905,-0.0540423925524007,0.310896369598955,0.273784930592278,-0.196642563828731,0.0631927550196258,0.00912357359651079,-0.0666223304690628,-0.196673405545007,-0.307491667806783
"2",0.425184679127196,1,0.204140927707811,0.073258307921225,-0.0533563925481704,-0.274198915121357,0.145122618479871,0.0954112913381981,0.131566867034079,0.168753028453872,0.177427602450137,0.225487032882395,0.022320258084898,-0.133805416603974,-0.00555612985123701,0.161981392723711,-0.0678515063322683,0.016587697998211,0.0819279089476428,0.0238026993708151,0.226839087950353,0.107706063865218,-0.140207238767427,-0.0450304662923554,0.0821212193233926,0.0729384309870341,0.0981611106704482,0.16970721939565,-0.00552197376567036,0.184262774850525,-0.0666034206938453,-0.0252389575095645,-0.0334468475406226,-0.0481742510453208,-0.0943664804556262,0.0439472157489319,0.21281529262871,-0.0329460827953164,-0.107233691304515,0.134618657884816,-0.11574232795323,-0.0127279853345526,0.0616332357410695,0.0334374276107443,-0.064514381188422,0.0453687152389609,-0.0271123552884753,-0.0454054685153033,-0.244216855323441,-0.163136235564466,0.00453130696265882,0.24052863995549,0.0060265509135592,0.211280976189771,0.153356925730519,0.131693993598719,-0.0145354548620692,-0.184924843146408
"3",0.11028068192829,0.204140927707811,1,0.0498920442786767,0.1480856993449,0.0637134926371857,0.151847850458963,-0.0687186841428137,0.0563687540644225,0.159980450266103,0.340363691535288,-0.0820214464441022,0.0255003138490555,0.228617149746508,0.00930159478442643,0.0117673727968906,0.0162015008646935,0.117870500296171,0.0834198082614332,-0.0548964393100358,0.0657702164233714,-0.091030953542095,0.206883138969886,0.018693313820969,0.20444942379254,-0.0205046672708474,-0.165033262854991,-0.0381241628118854,0.0642109670583612,0.0219359629558499,0.157475482277531,-0.0807284216126201,0.179078002831322,-0.0277385431467559,0.0972948378280244,-0.0118207951685065,0.028251372904901,0.213757778180412,0.0225742113579769,0.0776231433039183,0.035870177702345,-0.11610753502445,-0.0297859805023652,-0.126493965229952,0.078299218585891,-0.0120392590972801,0.0204588755870218,-0.00426756364533733,0.0385012735925028,-0.038824662543182,0.051622581028711,0.0464881260210188,-0.050649786444096,0.103615393513135,0.248070403555964,0.00833575761070877,0.0884962338484186,-0.113027994419511
"4",0.0859036133650752,0.073258307921225,0.0498920442786767,1,-0.174965044863348,-0.0677480870743016,0.120615580457978,-0.00568652784054983,-0.0478229517267992,-0.116115169075366,0.155808398485351,0.338069290007301,0.106961285675036,-0.0581279294250636,0.0572597725210582,0.0856830510826029,-0.0536671189659212,-0.105516913620075,0.0420200536630305,0.0129255037568521,0.095980864228445,-0.0556664467890362,0.142543048176965,-0.101701597217363,0.0305229236983699,0.111654134474501,0.102448403615468,-0.0629734750702443,-0.0220426777593246,0.0758596413543507,-0.00556948950707756,0.00819149272639857,-0.0636837620070108,0.20302788869071,-0.087170272398685,-0.0467311781123638,0.0486885097849337,-0.0341144392876195,-0.0639831704987754,-0.0497502570472969,-0.028384131545857,0.0686495418347932,0.086234516027199,0.0447101203713206,-0.0122357046858111,0.0290307604041585,0.0501775309954505,0.0237689409798022,-0.0317032036850602,0.0251483934011876,0.0921423969350986,0.0914382121311304,0.137506678541403,0.0945883107112356,0.0894872313190308,0.123445835808038,0.12523833839908,0.00457433870694575
"5",-0.133972328821479,-0.0533563925481704,0.1480856993449,-0.174965044863348,1,0.13712995595232,0.0460214217381234,0.153477686111143,-0.105209153070771,-0.0381733635748817,0.0405477824175882,0.00300707742308343,0.0839116060483542,-0.00603235750895764,0.00722031253353053,0.068776710523503,0.033255288465785,0.157293509006788,0.228963291288122,-0.0578452046559432,0.0124922347740669,0.0784491603210926,0.170020475069733,0.155303748303843,0.117752235708961,-0.117271506595762,-0.224232218837793,0.0101529725191397,-0.0470103496880639,-0.0904242490463461,0.0113790024742179,0.0481382454983752,0.0653823804886377,-0.186849085379477,0.0658625649443729,0.209159527518318,0.177440794292893,0.279090880629312,0.117800916148869,0.0850190218492167,0.113234735684766,-0.0769783841584999,-0.127588331455661,-0.261535229993353,0.0416296473263568,0.0927880791057872,-0.0302213856922902,-0.0304505082444996,0.00754328701397725,-0.203744146021053,0.126725722931611,-0.0648902590572206,-0.0886331103234571,-0.0502991723002256,0.0343457890366792,0.0160754443591245,0.104783982066973,0.125995085790752
"6",-0.252853229990741,-0.274198915121357,0.0637134926371857,-0.0677480870743016,0.13712995595232,1,-0.0766889859118026,-0.0295463049861216,0.0348046378786996,0.0201785141185721,0.0838446239913722,-0.00093794433437175,-0.176849207222504,-0.0529512561235778,0.150175362987595,0.0487951623513892,0.136658136853918,-0.0159570964675381,0.0115741328002733,0.104517609179944,-0.202088478617326,-0.141049025827091,0.0305467204782209,0.201526275154853,-0.168031002670648,0.0145509144863315,-0.0180561557984825,-0.0262737094594249,0.0799534573138789,-0.156446131597813,-0.0781628707621195,0.101841111376618,0.048374542664095,0.198158836001068,0.043637841682821,-0.126006632468235,-0.0680313391894083,0.156181926216994,0.0329758796141462,-0.0865528356205382,0.0388764729118077,0.0329309903865209,-0.0468632555743058,0.0160517102329817,0.100061067767864,0.0574429462525559,0.0457071632629521,0.0978077149821662,-0.0637449017070441,0.00020795439547969,-0.0747130872471321,-0.103428421638775,-0.121605957321249,-0.130681762741805,0.0855387665501603,0.00667321979155934,0.0669785038373022,0.353974588284806
"7",0.210116444657951,0.145122618479871,0.151847850458963,0.120615580457978,0.0460214217381234,-0.0766889859118026,1,-0.181626411055873,0.0994089285914528,0.0131376822889385,0.302410818794021,0.0660739071392112,0.109140856226063,-0.0677090924343612,-0.0832456510007334,0.0924070637162156,0.0580777653811798,0.0704147703718618,0.160789494314629,-0.072192412193679,0.0974289252378109,0.0690272081440818,-0.123409382534971,-0.261656478148717,0.10476902847106,0.0209062591466109,0.1789428122559,-0.0637073899041301,0.00488469377384553,-0.0408434599162484,0.0759496428822181,-0.0447909556541225,-0.151202608559594,0.142050889992104,0.249570012805444,0.150825781650721,0.0109176473477062,-0.0405562593014027,0.0248799552509435,-0.0842318233116227,-0.0500648141913422,-0.111922291948359,0.0664894849938002,-0.0323052180208892,0.0153290860773701,0.00545179340819769,-0.0501488624224928,0.0534581458224114,-0.0838061571022023,-0.200958815371992,0.114736614409545,0.0438194981430436,0.0392613292184573,-0.0184971212431772,0.0139102609660294,0.024433920543821,0.219891392224721,0.030933062630287
"8",-0.109248782922626,0.0954112913381981,-0.0687186841428137,-0.00568652784054983,0.153477686111143,-0.0295463049861216,-0.181626411055873,1,-0.0556266249294467,0.0118389766549729,-0.151874453543785,0.108437041512273,0.0410921893229506,0.160072132339,0.00497809099636785,-0.0377216256452055,-0.100789045205691,0.0318183194446424,0.0656676663768603,-0.115015853411162,0.012956343443911,0.113542665739249,-0.129181049952181,-0.119410505707202,-0.0922044916865465,-0.0144287323472538,-0.232694265300847,0.00682464749477486,-0.0708623594347335,-0.0905416749723027,-0.0397107043200285,-0.0735984696357599,-0.117378392978958,0.0839386107682229,-0.172571094156033,0.305536602222096,0.188052974658225,0.136413546752861,-0.0441080305430301,0.0212713140562626,-0.0689944626051338,-9.14838871383777e-05,-0.0651130404596113,-0.0611036588144106,-0.209241668402065,-0.0110535362282872,-0.101204690326632,-0.140132813759154,-0.139675075806564,0.0353364695739542,-0.0625850534307143,0.0637408470416871,-0.0512117451046194,-0.0790858656129868,0.101478356159051,0.136757636285474,0.18303931588992,0.0693506967530696
"9",0.307947725377484,0.131566867034079,0.0563687540644226,-0.0478229517267992,-0.105209153070771,0.0348046378786996,0.0994089285914528,-0.0556266249294467,1,0.277331757173626,0.0509606612078714,0.0193302260377223,0.161843134305049,-0.0629200678911892,0.101156790334088,0.052957073824922,0.0152953992947502,-0.172485430065084,-0.138246616722314,0.00965442998514207,0.262946936348996,-0.0544762460563778,-0.133561255254446,-0.149320337490152,0.0504962429699804,0.1547692261027,0.151324069738834,-0.0231521998661538,0.303364407429537,0.13114251398061,-0.0953203655240595,0.0884500164984962,0.0568786256997747,0.0519150667891653,0.0398951029478608,0.0296294095145852,0.114261020457924,-0.0178703763433927,0.0448235672625007,-0.0825610594584574,-0.228938857546354,-0.287813878509721,0.288667540913505,0.376358046017058,0.0490956680023805,0.0697534692739414,-0.0432083568060859,-0.22980520867844,0.00242739103892526,0.0176842539068441,0.0486365724266349,0.0714456555813885,-0.0488294112065789,0.0407850519813559,-0.0919766600989538,-0.0226531253142238,-0.350956971443764,-0.249972163037984
"10",-0.00297061266829302,0.168753028453872,0.159980450266103,-0.116115169075366,-0.0381733635748817,0.0201785141185721,0.0131376822889385,0.0118389766549729,0.277331757173626,1,-0.0401063157192229,-0.0174162814167804,0.105092427396864,-0.0628794167964243,-0.0368138662295995,0.00928514475213348,-0.203973363146612,-0.207655406027393,-0.107919711288435,-0.0165450128327028,0.0235628318669553,-0.208395837049237,0.00617414204110191,0.0487951639002401,-0.00728883073361205,-0.00796732538814235,-0.05094299938856,-0.0341924273778982,0.247728340152896,-0.126714883116187,0.00540580544312453,0.0415748500516624,0.0492249978734203,-0.0245872415119419,-0.059573264833332,0.0466812551105742,0.108551404466306,0.297881094861361,-0.0417111521441723,0.0664759143563225,0.0359887641302761,-0.0948710995223282,0.0581159382048364,-0.0503247410293724,0.111380486191704,-0.0447082555891524,-0.0204882025685421,-0.0220591465240527,0.00309565833338041,-0.259765255198858,-0.118102309418081,0.0676281466261573,0.00473957612944732,0.00113280457511299,0.170551914982342,-0.00888521860433136,0.0532285452474278,0.0706900312504074
"11",0.279211420267,0.177427602450137,0.340363691535288,0.155808398485351,0.0405477824175882,0.0838446239913722,0.302410818794021,-0.151874453543785,0.0509606612078714,-0.0401063157192229,1,0.123833478804861,0.171535035063976,-0.0841346324456634,0.147960402329624,0.0867025405833046,0.0283320450773704,-0.00314416090108389,0.041489855827774,0.102507571890814,0.0670430223329308,0.0763185581049468,0.0547959618698411,-0.0454432329033598,0.0260998578520331,0.157084964343997,0.162438547064517,0.0553311546873718,0.0633401484169882,0.116684551208785,0.0948631036092869,-0.0909381876763452,0.0296371062176281,0.00744426424775453,0.117625474936845,-0.00559207617366904,-0.0858968954594501,0.0328214410669729,0.0296229380721674,-0.0551756066083412,-0.0511949432503161,0.0126991321916033,-0.0112200276120328,-0.066742796019068,-0.0368493835465829,-0.0332324454128723,0.0141534820219664,0.134216674092932,0.0562092903279674,-0.118620829023744,0.132989710849404,0.246331713742632,-0.147006682857409,0.0373053669495083,-0.113292313086537,-0.111658791908726,-0.0193992545324574,-0.0905500721739374
"12",0.181836187512748,0.225487032882395,-0.0820214464441022,0.338069290007301,0.00300707742308343,-0.00093794433437175,0.0660739071392112,0.108437041512273,0.0193302260377223,-0.0174162814167804,0.123833478804861,1,-0.0712290015023272,-0.154569347780228,0.0745795486969165,0.0888670337818266,0.0761655649583326,0.0128227777945921,0.0375327404188939,0.0559713231178715,0.05414253676956,-0.0422816257815805,0.0928160248428259,-0.0651941947276397,0.13611429260571,0.07048251686068,0.091419667834034,-0.0259902782445921,-0.0188267586907378,0.154128889060454,-0.0469648342271458,0.055762842307535,0.0410335393653818,0.183678627008093,-0.169546257821921,-0.065368450058246,-0.0311351408165758,-0.161615948779444,-0.0192998118442425,0.0832000768923045,0.0499038248616726,0.00142500087186771,0.111630054663522,0.0831796124556018,-0.161553559313939,-0.101117839037361,0.174122798470681,-0.0355597122155656,-0.0616276407631016,-0.0253564157016948,0.148672124969684,0.233398864636785,-0.0258150917063716,0.0524544465372587,0.0329929221647541,0.110416375176582,0.104296589128293,-0.0548621332857526
"13",0.147388039167434,0.022320258084898,0.0255003138490555,0.106961285675036,0.0839116060483542,-0.176849207222504,0.109140856226063,0.0410921893229506,0.161843134305049,0.105092427396864,0.171535035063976,-0.0712290015023272,1,-0.058497381756628,-0.0202498072579697,0.0596217378096505,-0.065742962251815,-0.0629978128941511,-0.167473037647041,0.0973978903668457,0.0915170623804004,0.0898797344589138,0.114656245238791,-0.0158348179170557,0.182132840403202,0.0477699513858973,-0.0392204963985385,0.127551115043397,0.198016599833257,0.185926527730695,0.0548435841810234,-0.278036922082363,-0.0547912760948844,0.0255058605006838,0.315079883284523,-0.0244363755198949,0.287801950219152,-0.0109585944140283,0.140653095779852,-0.0121960114255017,-0.0718086657067394,-0.14866291546246,0.154459609182112,0.129192428385714,0.132337437053752,0.178618337601215,-0.11478333753639,0.110479299202885,0.341034733450866,-0.0092471259667781,0.163070846365709,0.131341904010119,-0.0507375107889479,-0.113581816949842,-0.0469963563954193,-0.104276732296444,-0.169609246628049,0.00213977472713741
"14",-0.103795533296296,-0.133805416603974,0.228617149746508,-0.0581279294250636,-0.00603235750895764,-0.0529512561235778,-0.0677090924343612,0.160072132339,-0.0629200678911892,-0.0628794167964243,-0.0841346324456634,-0.154569347780228,-0.058497381756628,1,-0.0451832176407855,-0.182362799430764,0.0265903566830089,0.155421004516903,-0.0407362684807152,-0.204532304587503,-0.0686344284083806,-0.070038069688071,-0.0274647380436239,0.00326131167174323,0.0898299576595732,-0.0324144923717112,-0.11393362281857,-0.142320210395299,0.0179031636749775,-0.0192237831812205,0.0914723704129133,-0.200779670275304,0.0239370008194865,0.0223503381699115,-0.0802214823339316,0.0730087634584979,0.0928035116049553,-0.0369895399043808,-0.193482034184049,-0.0754767930557339,-0.104075497770025,-0.140413697615703,0.015014393471495,-0.215492999649107,0.00444704170719347,-0.0532020920866719,-0.162321466275553,-0.11521849367231,0.00338819053928791,0.174536296500165,-0.0451757741210875,-0.108718792657072,0.0589804210040554,-0.0190159839490672,-0.010784397481847,-0.0866757297698268,0.155475313412859,-0.250785878742947
"15",0.215483931293854,-0.00555612985123701,0.00930159478442643,0.0572597725210582,0.00722031253353053,0.150175362987595,-0.0832456510007334,0.00497809099636785,0.101156790334088,-0.0368138662295995,0.147960402329624,0.0745795486969165,-0.0202498072579697,-0.0451832176407855,1,0.0529363800609003,0.129600499061255,-0.178278816971307,0.0727392771598668,0.250741115320042,0.0390323290617803,0.0781544332879876,0.0125129707038378,-0.0715431493256708,0.150570501589957,0.101459170220234,0.171764996429706,-0.0522365956858862,0.090332035755166,0.112190274096471,-0.0982437653964504,-0.116834041769711,-0.0386257599279441,0.240386062371224,-0.0539950438703287,0.0774646732959231,0.104352677454574,0.123602080910786,0.0272199138115427,-0.0790804853012021,-0.0868015494293879,-0.0829911564584767,-0.129767285136774,0.115492198692947,-0.00847438817772594,0.0779185821082359,0.0181165830354999,0.0747567864006514,0.0617924373689116,-0.0741805292134783,0.134900759337911,-0.00533004211159932,-0.0439142979813375,-0.0398624194429589,0.108340843902666,-0.0869387242067349,0.1060990905145,-0.115663310440727
"16",0.301227789137704,0.161981392723711,0.0117673727968906,0.0856830510826029,0.068776710523503,0.0487951623513892,0.0924070637162156,-0.0377216256452055,0.052957073824922,0.00928514475213348,0.0867025405833046,0.0888670337818266,0.0596217378096505,-0.182362799430764,0.0529363800609003,1,0.0325475930151176,0.012913909901088,0.0310338384398053,-0.0598990334691488,0.049176034017644,0.00779327977979959,-0.0321894164325694,-0.0251108097183469,0.0408274511213962,-0.0178263360875882,0.0316128547544127,0.176076013674078,0.104044129068929,0.1784962963658,-0.0545304926042767,0.0633301893555583,0.270774907960303,-0.100204964960579,0.0737026438532249,-0.0390977917237769,0.0521999291384926,-0.0108643341640361,0.104151129087016,-0.0185174744119658,0.0345315890638482,0.0549845898956374,-0.194510115998915,-0.0187350569104053,0.15949442072225,0.0267283505830855,0.219972536657008,0.243995523507145,-0.133919075585536,-0.203701451176649,0.132050075199559,0.162209514064033,-0.0606880885590977,0.0494293400812667,0.0414989644527594,0.00750004111864363,-0.0863612732615292,-0.0114620364367862
"17",-0.137232967682685,-0.0678515063322683,0.0162015008646935,-0.0536671189659212,0.033255288465785,0.136658136853918,0.0580777653811798,-0.100789045205691,0.0152953992947502,-0.203973363146612,0.0283320450773704,0.0761655649583326,-0.065742962251815,0.0265903566830089,0.129600499061255,0.0325475930151176,1,-0.017842190457139,0.117251921365266,-0.073374569524904,0.104989304972995,0.0309408240998881,0.00594657791583506,-0.10605122063207,-0.0604376644616283,0.0266622530789912,0.0136144733123365,-0.0533956259939768,-0.17704948924801,-0.0837403800013645,0.283886666103794,0.0642077432117059,-0.119108460306783,0.0787136973317297,0.0549921546893264,-0.0909339149052156,0.0675764605822455,0.0616057832421742,0.0634922442232735,-0.0355810725706015,0.11988897990622,0.0425425055786425,-0.208754090847103,0.115613995484885,-0.0146159913825709,-0.0362750974703062,0.174462049709901,0.0648234579599244,0.15727032138468,-0.044057868233737,0.00075869225687443,-0.241407016904326,-0.00308221382324089,-0.0778755441269936,-0.0679231660807129,-0.241671486478027,-0.0855190145383474,-0.0132535746805306
"18",-0.0265028127716806,0.016587697998211,0.117870500296171,-0.105516913620075,0.157293509006788,-0.0159570964675381,0.0704147703718618,0.0318183194446424,-0.172485430065084,-0.207655406027393,-0.00314416090108389,0.0128227777945921,-0.0629978128941512,0.155421004516903,-0.178278816971307,0.012913909901088,-0.017842190457139,1,0.121180114602953,-0.151832769350277,-0.0140288936888991,-0.0634588777500407,0.111787973151177,0.0409250308294019,-0.0103769351298034,-0.202562817131278,-0.186940042354442,0.0223810445575943,-0.0225394839024898,0.0397548033014326,0.0257272169386457,0.169270777460609,0.0699730696680109,0.0128669562746585,0.133102791754117,-0.148110365561727,-0.0613073879230024,-0.197931039697956,0.0419048977505107,0.0416920704494125,-0.0577960567045811,-0.116092350173591,-0.0671943382781352,-0.179543946622202,0.0201880917567024,-0.107324752352161,0.0379235015752512,-0.0698236456626995,-0.0229409631799797,0.235253791206382,0.0603827789317554,0.0436585092494308,0.0768533857427447,0.0815954659226151,0.0491230390294251,-0.158572672256027,0.160113213697547,0.0205657769059485
"19",-0.0339853175103254,0.0819279089476428,0.0834198082614332,0.0420200536630305,0.228963291288122,0.0115741328002733,0.160789494314629,0.0656676663768603,-0.138246616722314,-0.107919711288435,0.041489855827774,0.0375327404188939,-0.167473037647041,-0.0407362684807152,0.0727392771598668,0.0310338384398053,0.117251921365266,0.121180114602953,1,-0.154020083762052,0.0767448315474141,0.015144822332051,0.0472280433685923,-0.0460975473209691,-0.150603350266933,-0.110754746550954,-0.0321709288345174,0.096338097508373,0.0710910612791297,-0.144905673521429,0.195880249341513,0.14001308984404,0.105560520087441,0.0771749941217598,0.122712973163197,0.123669836936484,0.0203830756525151,0.189657691908232,-0.139424986283406,-0.051582297280774,-0.171623454196977,0.0090337894012723,-0.128078242568724,-0.0635315038770738,-0.0790470234912245,0.00738554627365632,-0.201766944784354,0.0709867722974864,-0.213711478869587,-0.075443459136464,0.260594705850197,-0.17430529542733,-0.060968002707168,-0.0609508331305434,0.135456068145702,-0.142478700501667,0.225213887222731,0.0612366583874023
"20",0.142250791448366,0.0238026993708151,-0.0548964393100358,0.0129255037568521,-0.0578452046559432,0.104517609179944,-0.072192412193679,-0.115015853411162,0.00965442998514207,-0.0165450128327028,0.102507571890814,0.0559713231178716,0.0973978903668457,-0.204532304587503,0.250741115320042,-0.0598990334691488,-0.073374569524904,-0.151832769350277,-0.154020083762052,1,-0.0479203523805362,0.219665812541234,0.119039758692656,0.129833065289708,-0.0740293634667215,-0.013890191672992,0.223524838528402,0.0640159164218962,0.110151343100858,0.0899066907991603,-0.138820720851756,0.0262883833514896,-0.223692187145269,0.217510647399397,0.0690387539831323,-0.135249539594533,0.0418739082503698,-0.0337837639994414,0.0565960270226899,0.109691684859449,0.0460650655253826,0.0651579545642743,-0.00333095423405812,0.199247134443423,0.0446643822258846,-0.121879930259686,0.0706408243489765,-0.0623098092049013,0.0957016285866787,0.0891220107571146,-0.169618334838716,0.0418325883087632,0.134433370351116,-0.0205702860642073,-0.0462327110031043,-0.0490505091132609,-0.0584082616992438,0.130455125679043
"21",0.176934812959524,0.226839087950353,0.0657702164233714,0.095980864228445,0.0124922347740669,-0.202088478617326,0.0974289252378109,0.012956343443911,0.262946936348996,0.0235628318669553,0.0670430223329308,0.05414253676956,0.0915170623804003,-0.0686344284083805,0.0390323290617803,0.049176034017644,0.104989304972995,-0.0140288936888991,0.0767448315474141,-0.0479203523805362,1,0.129373639719926,-0.0809246636164841,-0.210309412235921,0.163104674107414,-0.139288137290802,0.171772470636817,0.0052292585342308,0.0202435673316666,0.11163925408316,0.0124316427289792,0.104457343716953,-0.10725986294948,0.0614173482191797,0.0977423239511515,-0.0505247681979667,0.244568532329494,0.0401202139694483,0.16787939598627,-0.110066260132697,0.0131240879916441,0.0400354588813059,0.139958215959321,0.15487363106824,-0.0164520790927472,0.125883108922547,-0.0528360948909958,0.0248910304628879,0.0092811397747925,-0.0688082903767303,0.131832506713286,0.00344263379020113,-0.00308436655901265,0.0595171092169845,0.0958863195239137,0.160200862631465,-0.204688225809142,-0.221696836145389
"22",0.24704902878696,0.107706063865218,-0.091030953542095,-0.0556664467890362,0.0784491603210926,-0.141049025827091,0.0690272081440818,0.113542665739249,-0.0544762460563778,-0.208395837049237,0.0763185581049468,-0.0422816257815805,0.0898797344589138,-0.070038069688071,0.0781544332879876,0.00779327977979959,0.0309408240998881,-0.0634588777500407,0.015144822332051,0.219665812541234,0.129373639719926,1,-0.0834429632304014,0.0366931352640483,0.0359185557490155,0.0576589459099662,0.0829796504562841,0.0481822315577123,-0.138417462327729,0.132603839313533,0.228358561632801,-0.11098343103709,-0.0719815147176354,0.0361185545233427,0.126532555005487,0.0740425745770108,0.0515240760834471,-0.160395405077479,0.0388236562711122,0.112105201257227,0.0484716526296941,-0.0263223096897625,0.046932947763435,0.194790374677319,-0.125913800648626,0.0585272162236546,0.0651398428274434,-0.0259977182333704,0.197127763476512,0.0759730715330209,0.018351879294234,-0.0687594825807849,0.0569757407383657,-0.107494315680097,-0.00397465753430923,-0.158328464849393,-0.0348422663003372,0.0727761867638241
"23",-0.193727291536447,-0.140207238767427,0.206883138969886,0.142543048176965,0.170020475069733,0.0305467204782209,-0.123409382534971,-0.129181049952181,-0.133561255254446,0.0061741420411019,0.0547959618698411,0.0928160248428259,0.114656245238791,-0.0274647380436239,0.0125129707038378,-0.0321894164325694,0.00594657791583506,0.111787973151177,0.0472280433685923,0.119039758692656,-0.0809246636164841,-0.0834429632304014,1,0.248518766573578,0.0858493166036463,-0.132586154196576,-0.18210959008024,-0.00214433569487574,-0.0373060878093427,-0.209915957788477,0.013222236692099,0.0437445878239519,0.00614829279497339,-0.0180429225669447,0.0675408774993907,-0.0217395463555468,-0.0537785609382947,0.110506142705938,0.139502825147672,0.104065169311496,0.00487838641835377,-0.0721706370130613,-0.016751096278418,-0.202335445311932,-0.0795434971138596,-0.0683269370462676,0.109116934014892,-0.0999164330659231,0.100728438655935,-0.0737986480121461,-0.0651109712163074,-0.181941981456218,0.0823382196960829,0.13196114311051,0.119014709408343,0.0897558887402241,-0.0035967578077069,0.0194302165217929
"24",-0.0765487995679287,-0.0450304662923554,0.018693313820969,-0.101701597217363,0.155303748303843,0.201526275154853,-0.261656478148717,-0.119410505707202,-0.149320337490152,0.0487951639002401,-0.0454432329033598,-0.0651941947276397,-0.0158348179170557,0.00326131167174323,-0.0715431493256708,-0.0251108097183469,-0.10605122063207,0.0409250308294019,-0.0460975473209691,0.129833065289708,-0.210309412235921,0.0366931352640483,0.248518766573578,1,0.0168186408150773,-0.00867631681779601,-0.215333033216538,-0.01867645237267,-0.0140679908822786,0.111399722784983,-0.108432093468482,-0.006862321379023,0.0729823055174218,-0.255623492203134,-0.0121238467496261,-0.169850288702255,-0.133664691445711,0.134474926571612,0.110656465014816,0.252472367010739,0.199637813054716,0.157887198543595,-0.0837176910669861,-0.2286136284881,0.0937522758942607,0.0717220581547788,0.215474025189559,0.0331757776763211,0.11423888356758,-0.0246415745751681,-0.00466523356897488,-0.0700948627854139,-0.00229575517169399,0.133262603134596,0.0855926354293161,0.0246199252314894,-0.0238394748951796,0.177398270822239
"25",0.129754538304434,0.0821212193233926,0.20444942379254,0.0305229236983699,0.117752235708961,-0.168031002670648,0.10476902847106,-0.0922044916865465,0.0504962429699804,-0.00728883073361205,0.0260998578520331,0.13611429260571,0.182132840403202,0.0898299576595732,0.150570501589957,0.0408274511213962,-0.0604376644616283,-0.0103769351298034,-0.150603350266933,-0.0740293634667216,0.163104674107414,0.0359185557490155,0.0858493166036463,0.0168186408150773,1,0.0308273781773436,0.032221895769811,-0.0891934063484413,-0.0186150469011988,0.218345223117925,0.0370784877364162,-0.0548774656005815,-0.0705676868788445,-0.0503383329320163,0.111413769359776,-0.0472655227562536,0.191545926173971,-0.0899810259525362,0.139252159378287,0.0469205717597564,0.135500706670547,-0.164588490208277,0.0463998910680372,-0.00330450564327262,-0.0255715023535955,-0.0545717680144737,0.0633671282233126,0.119626522218794,0.11335086209598,-0.0493137243219315,-0.0335129328755006,0.0317132459527043,-0.0318265533301566,0.0205001140646865,0.0163259837724314,0.227320848307202,-0.029899045980794,-0.122099649258098
"26",0.137022254986145,0.0729384309870341,-0.0205046672708474,0.111654134474501,-0.117271506595762,0.0145509144863315,0.0209062591466109,-0.0144287323472538,0.1547692261027,-0.00796732538814235,0.157084964343997,0.07048251686068,0.0477699513858973,-0.0324144923717112,0.101459170220234,-0.0178263360875882,0.0266622530789912,-0.202562817131278,-0.110754746550954,-0.013890191672992,-0.139288137290802,0.0576589459099662,-0.132586154196576,-0.00867631681779601,0.0308273781773436,1,-0.0436912989733195,-0.0589489238252366,-0.0551958979140061,0.0553067830653571,-0.0463474278628047,-0.0594383866648711,0.00427489994948589,0.0050742001281123,-0.277488236760233,-0.192674862312155,-0.121691299021937,-0.00862726641125949,0.100510223912835,-0.00609167612743925,0.0532637996605937,0.0360175821236462,-0.0687576982370174,-0.0224049381742661,-0.222442700018703,-0.124411478578873,0.0854598406915324,-0.079479751321375,-0.00904868182087758,-0.0351225423731505,0.0780497385689127,0.0317871502002716,0.0414327601216257,0.098200462306624,0.0553759329931511,-0.192619983529971,-0.111634811564922,0.0264024311610557
"27",0.233376507002629,0.0981611106704482,-0.165033262854991,0.102448403615468,-0.224232218837793,-0.0180561557984825,0.1789428122559,-0.232694265300847,0.151324069738834,-0.05094299938856,0.162438547064517,0.091419667834034,-0.0392204963985385,-0.11393362281857,0.171764996429706,0.0316128547544127,0.0136144733123365,-0.186940042354442,-0.0321709288345174,0.223524838528402,0.171772470636817,0.0829796504562841,-0.18210959008024,-0.215333033216538,0.032221895769811,-0.0436912989733195,1,-0.00577476237303964,0.0487416994492673,0.139527401585654,-0.181894416086446,-0.0697473558283887,-0.246584882092004,0.0809833737588838,0.0816180603279429,-0.0348915598822333,0.158671825329334,0.00806853117557081,-0.139547835561764,-0.0574423137445546,-0.0467673914665654,0.00940153306610609,0.0634904549400968,0.114439538587504,0.112606478749376,-0.057206745906245,-0.0995581652145698,0.034409529617693,0.0921832243274677,0.0160893607314623,-0.130578962953999,0.0663878623908366,-0.128681455526706,-0.216917896937865,-0.151703089512157,0.0467812273925621,-0.107459542693439,-0.07861113857052
"28",0.0642459172659306,0.16970721939565,-0.0381241628118854,-0.0629734750702443,0.0101529725191397,-0.0262737094594249,-0.0637073899041301,0.00682464749477486,-0.0231521998661538,-0.0341924273778982,0.0553311546873718,-0.0259902782445921,0.127551115043397,-0.142320210395299,-0.0522365956858862,0.176076013674078,-0.0533956259939768,0.0223810445575943,0.096338097508373,0.0640159164218962,0.0052292585342308,0.0481822315577123,-0.00214433569487574,-0.01867645237267,-0.0891934063484413,-0.0589489238252366,-0.00577476237303964,1,0.0840289059738551,0.0348635734000233,-0.0141094012744738,-0.108392701633838,0.227969748891498,0.0373533857408671,-0.0435366265633011,-0.177362030274063,0.0617322638202647,0.0185669438726109,-0.0916061713874149,-0.0295980858095479,0.067168186223878,0.0810089825094662,-0.00735292786121943,0.137065703625699,0.173653274642845,0.157778265771881,-0.141495646691062,0.0741651378678939,0.02783848437624,0.0732184008107928,0.00735255860959836,0.174981439732134,-0.0779611298451998,0.0333652893386774,-0.117302550401648,0.0269961734990986,-0.187179618230468,0.0502150740883067
"29",0.0863468476623216,-0.00552197376567036,0.0642109670583612,-0.0220426777593246,-0.0470103496880639,0.0799534573138789,0.00488469377384553,-0.0708623594347335,0.303364407429537,0.247728340152896,0.0633401484169882,-0.0188267586907378,0.198016599833257,0.0179031636749775,0.090332035755166,0.104044129068929,-0.17704948924801,-0.0225394839024898,0.0710910612791297,0.110151343100858,0.0202435673316666,-0.138417462327729,-0.0373060878093427,-0.0140679908822786,-0.0186150469011988,-0.0551958979140061,0.0487416994492673,0.0840289059738551,1,0.0527895859100746,-0.142881729182475,0.188415827630123,0.217098259686526,0.0356902900527716,0.0787411494658179,0.00288068451480249,-0.0446268162989303,-0.0999525850556487,-0.23597580124878,-0.0510917401937743,-0.224678090908514,-0.220266043241839,0.175403760888303,0.133592750795735,0.289678678875963,0.0944771078021838,-0.194407534693605,0.0456255876350552,0.13269940332318,0.00767154159530106,0.109647248767689,0.0539262814170431,0.154039104438912,0.119299850236064,-0.0755723545033933,0.062932145757418,-0.214394847429151,-0.142500591510365
"30",0.401176459032633,0.184262774850525,0.0219359629558499,0.0758596413543507,-0.0904242490463461,-0.156446131597813,-0.0408434599162484,-0.0905416749723027,0.13114251398061,-0.126714883116187,0.116684551208785,0.154128889060454,0.185926527730695,-0.0192237831812205,0.112190274096471,0.1784962963658,-0.0837403800013645,0.0397548033014326,-0.144905673521429,0.0899066907991603,0.11163925408316,0.132603839313533,-0.209915957788477,0.111399722784983,0.218345223117925,0.0553067830653571,0.139527401585654,0.0348635734000233,0.0527895859100746,1,-0.140803199371967,-0.142606186859404,0.0255632023580585,0.0499405164535743,0.0039843135885203,-0.0999536061120277,-0.0603958514597827,-0.184030933991928,-0.00111887150850075,-0.121841932074477,-0.204124104018173,-0.139114017345809,0.083664400052173,0.146516600767972,-0.00817317731878691,0.106296470252732,0.0143152200886506,-0.100738260991875,0.0356878034613026,0.115253077375456,0.106090765274407,0.185913644283522,-0.060282255634509,-0.0583631942128559,-0.0707366519849729,-0.113112722514708,-0.191018578343389,-0.213526244029254
"31",-0.0224203431780789,-0.0666034206938453,0.157475482277531,-0.00556948950707756,0.0113790024742179,-0.0781628707621195,0.0759496428822181,-0.0397107043200285,-0.0953203655240595,0.00540580544312453,0.0948631036092869,-0.0469648342271458,0.0548435841810234,0.0914723704129133,-0.0982437653964504,-0.0545304926042767,0.283886666103794,0.0257272169386457,0.195880249341513,-0.138820720851756,0.0124316427289792,0.228358561632801,0.013222236692099,-0.108432093468482,0.0370784877364162,-0.0463474278628047,-0.181894416086446,-0.0141094012744738,-0.142881729182475,-0.140803199371967,1,-0.00347698741544094,0.00854244775370678,0.0294556660244055,0.137174938266499,-0.0497742303287997,0.00731140019032627,0.0466355256207238,0.0236805415294872,0.0941451881927815,0.137206837578276,0.0912879432197608,0.022230021531404,0.0653937003227287,-0.158214156308274,-0.213948481987155,0.0801866865727614,0.260218578220483,0.0679062655935507,0.00127603885496651,-0.00150051824261557,-0.113540761106454,-0.0305903928889703,-0.102279127786019,-0.0112088096095323,-0.204157299522052,0.0930809707167832,0.123070389073875
"32",-0.127809643465999,-0.0252389575095645,-0.0807284216126201,0.00819149272639857,0.0481382454983752,0.101841111376618,-0.0447909556541225,-0.0735984696357599,0.0884500164984962,0.0415748500516624,-0.0909381876763452,0.055762842307535,-0.278036922082363,-0.200779670275304,-0.116834041769711,0.0633301893555583,0.0642077432117059,0.169270777460609,0.14001308984404,0.0262883833514896,0.104457343716953,-0.11098343103709,0.0437445878239519,-0.006862321379023,-0.0548774656005815,-0.0594383866648711,-0.0697473558283887,-0.108392701633838,0.188415827630123,-0.142606186859404,-0.00347698741544094,1,-0.00497204613274197,0.114837797272809,-0.0226409460516389,0.0181895071910536,-0.178389621298417,-0.0260547548858088,-0.0423721326293651,0.0526604203801882,-0.0393869945213517,-0.0373560090787965,0.028946674860337,-0.0645118941625605,-0.0112409644763611,-0.251561561196792,-0.142093663250503,-0.0965768403348012,-0.106912867715624,-0.0863992012695234,-0.114147146584645,-0.16192064958858,0.212951274499701,0.152761626014468,-0.0745385508965177,0.0774722334811852,-0.0916567264067873,0.0460490395198895
"33",0.105991934143762,-0.0334468475406226,0.179078002831322,-0.0636837620070108,0.0653823804886377,0.048374542664095,-0.151202608559594,-0.117378392978958,0.0568786256997747,0.0492249978734203,0.0296371062176281,0.0410335393653818,-0.0547912760948844,0.0239370008194865,-0.0386257599279441,0.270774907960303,-0.119108460306783,0.0699730696680109,0.105560520087441,-0.223692187145269,-0.10725986294948,-0.0719815147176355,0.00614829279497339,0.0729823055174218,-0.0705676868788445,0.00427489994948589,-0.246584882092004,0.227969748891498,0.217098259686526,0.0255632023580585,0.00854244775370678,-0.00497204613274198,1,-0.0569416676432315,-0.0356059433020512,-0.0234064451395423,-0.089228854555887,0.0125571586229218,0.0027226904547779,-0.0418380584757204,0.0241561952066283,-0.0739413823505994,0.00955514661443182,-0.0624251349480484,0.136682505805937,0.132303572115635,0.0668647575110824,0.0353120237471907,0.0884805007070672,0.0566489137108302,0.223247327447212,0.0778542050502655,-0.103058983788633,-0.0400147250513285,-0.0324807710398435,-0.0196552671220924,-0.0211534143532517,-0.127204903155793
"34",0.0214507851165953,-0.0481742510453208,-0.0277385431467559,0.20302788869071,-0.186849085379477,0.198158836001068,0.142050889992104,0.0839386107682229,0.0519150667891653,-0.0245872415119419,0.00744426424775453,0.183678627008093,0.0255058605006838,0.0223503381699115,0.240386062371224,-0.100204964960579,0.0787136973317297,0.0128669562746585,0.0771749941217598,0.217510647399397,0.0614173482191796,0.0361185545233427,-0.0180429225669447,-0.255623492203134,-0.0503383329320163,0.0050742001281123,0.0809833737588838,0.0373533857408671,0.0356902900527716,0.0499405164535743,0.0294556660244055,0.114837797272809,-0.0569416676432315,1,0.0715997865595438,0.0129830023079824,-0.0724177544760043,-0.0608662987040221,-0.033578584149626,-0.0631863093633756,-0.117018284778445,-0.114022672342849,-0.00767790861848906,0.212494567732446,-0.114643888575172,-0.044814124932984,-0.0861910074221945,-0.0060950701476522,-0.0900489066117795,0.0701913555038537,0.0091985124755404,-0.0925134788304734,0.0592926083920133,-0.104482898296995,0.067571008825309,-0.0139996310933269,0.102151769743054,0.0777676629060129
"35",-0.01752096700652,-0.0943664804556262,0.0972948378280244,-0.087170272398685,0.0658625649443729,0.043637841682821,0.249570012805444,-0.172571094156033,0.0398951029478608,-0.059573264833332,0.117625474936845,-0.169546257821921,0.315079883284523,-0.0802214823339316,-0.0539950438703287,0.0737026438532249,0.0549921546893264,0.133102791754117,0.122712973163197,0.0690387539831323,0.0977423239511515,0.126532555005487,0.0675408774993907,-0.0121238467496261,0.111413769359776,-0.277488236760233,0.0816180603279429,-0.0435366265633011,0.0787411494658179,0.0039843135885203,0.137174938266499,-0.0226409460516389,-0.0356059433020512,0.0715997865595438,1,0.10834239377922,0.222625835157289,0.143323044408417,0.0172715605453522,-0.167249580556861,-0.0850734591292458,-0.179584590677468,0.084842554215324,0.187757568536609,0.257357640197799,0.200449051197896,-0.0579016475106579,0.142414470000882,0.215455607795662,0.137503366794628,0.0616754612484213,-0.221327224301637,0.106723843134874,0.109835684780163,0.0779618578094202,-0.0231711964309459,-0.0671539764459542,-0.0208417185496754
