"","l_Insular.Cortex","r_Insular.Cortex","l_Amygdal.Area","r_Amygdal.Area","l_Bed.Nucleus.of.the.Stria.Terminalis","r_Bed.Nucleus.of.the.Stria.Terminalis","l_Hippocampus","r_Hippocampus","l_Orbitofrontal.cortex","r_Orbitofrontal.cortex","l_Entorhinal.Cortex","r_Entorhinal.Cortex","l_Frontal.Association.Cortex","r_Frontal.Association.Cortex","l_Globus.Pallidus","r_Globus.Pallidus","l_Glomerular.Layer.of.the.Accessory.Olfactory.Bulb","r_Glomerular.Layer.of.the.Accessory.Olfactory.Bulb","l_Glomerular.Layer.of.the.Olfactory.Bulb","r_Glomerular.Layer.of.the.Olfactory.Bulb","l_Granule.Cell.Level.of.the.Cerebellum","r_Granule.Cell.Level.of.the.Cerebellum","l_Hypothalamic.Region","r_Hypothalamic.Region","l_Entorhinal.Cortex","r_Entorhinal.Cortex","l_Vermix.Molecular.Layer.of.the.Cerebellum","r_Vermix.Molecular.Layer.of.the.Cerebellum","l_Lateral.Molecular.Layer.of.the.Cerebellum","r_Lateral.Molecular.Layer.of.the.Cerebellum","l_Anterior.Olfactory.Bulb","r_Anterior.Olfactory.Bulb","l_Posterior.Olfactory.Bulb","r_Posterior.Olfactory.Bulb","l_Subiculum","r_Subiculum","l_Perirhinal.Area","r_Perirhinal.Area","l_PreLimbic.System","r_PreLimbic.System","l_Primary.Cingular.Cortex","r_Primary.Cingular.Cortex","l_Primary.Motor.Cortex","r_Primary.Motor.Cortex","l_Retrosplenial.Cortex","r_Retrosplenial.Cortex","l_Secondary.Cingular.Cortex","r_Secondary.Cingular.Cortex","l_Secondary.Motor.Cortex","r_Secondary.Motor.Cortex","l_Striatum","r_Striatum","l_Ventral.Tegmental.Area","r_Ventral.Tegmental.Area","l_Substantia.Nigra","r_Substantia.Nigra","l_Thalamus","r_Thalamus"
"1",1,0.265297987802822,0.0902258771887973,-0.00141764254628698,0.0783981423665768,-0.150261525183891,0.203499801859019,0.0341541792189711,0.0166159419706695,0.120896474974791,0.0346623102697581,0.163408956856502,-0.0327812033841228,-0.00621397952784284,0.0169266084208057,0.125120374145045,0.0989071231377216,0.0556298134833361,0.0955289132034455,0.0358350576729691,-0.0864125156216565,0.043024612910878,-0.0779230405467322,-0.179999063096227,0.0399416538503484,0.100371387810266,0.0422735537402934,0.179557781185086,-0.0375182712673449,0.131488550206376,-0.00077478430172823,0.0332389619748767,0.287606566534397,0.194048251828528,0.0349619856113844,0.0847345476647819,0.0724382285755738,-0.122256875244688,0.0901723438306688,0.050760597516991,-0.315170765548495,-0.0312688874826529,-0.0976603404247156,-0.00992593606940334,-0.129381391079524,-0.0465667687360786,-0.240570408096641,-0.201583217794471,-0.147632311425908,0.0752083966680008,0.294789205237943,0.248199019321952,0.0805050442141412,-0.105013309117786,0.12512854894634,0.0341733811809333,0.0481966412263038,-0.0559659484032423
"2",0.265297987802822,1,-0.068564978453743,0.0143555648484485,0.0871548740707697,0.0534182803831225,0.0876567135478905,0.0706231515159213,-0.00069888483552767,0.371458485258357,0.239030649693246,0.203305048996434,-0.110345376490883,-0.00591393080315153,0.0915800720894357,0.209901083543437,-0.150410558581187,-0.020312045111037,0.0541781200718167,0.0360159841787644,0.0324803000888213,-0.0894408264692292,0.0838678442863242,0.0645697567506923,-0.18472152937948,-0.168931774835859,-0.0151852432891404,-0.0880782012117508,0.239552017902847,0.155157051268146,0.05380915462736,0.237826621108388,0.172216053073305,0.0497041515686479,0.0435727333641729,-0.0190728650676881,0.152830058860296,0.0366798649342902,0.0124471842486006,0.0723622867852457,-0.0488499380172005,-0.122458479116025,-0.00301112586747344,0.00362924480848178,-0.0078365524104405,-0.00667231554436608,-0.189889264632093,-0.0540114947433311,-0.0193116369633924,0.066025291422181,0.278882071239806,0.283376522929701,0.0825741080002581,-0.0372058228312885,0.054398623080146,0.00797593271166323,0.00153398473428767,-0.0276825687273989
"3",0.0902258771887973,-0.068564978453743,1,-0.0868920807605364,0.016299439581526,0.0233482034339944,0.0509849829719232,0.036074137558247,-0.138641082014032,-0.0947584872360088,0.0428809503276563,0.196823966276588,-0.102102603877633,0.0149751052658669,-0.0603271593429942,-0.0808094963841926,0.176579296185888,0.0538783714235221,-0.0427492648384363,-0.0859839294323552,-0.249512982143951,-0.13396809868857,-0.130999653777918,0.0536439769648688,0.167189701452898,0.0084993400114415,0.0288749313856839,0.0269183363654903,-0.0254691826315191,0.0125477035480293,-0.178634441822159,-0.213408731514902,0.0935385107165793,0.241354137877853,-0.0207938541735771,-0.118765535462421,-0.158971275834571,-0.234110958487015,0.0856551673225791,0.0556632696093715,0.100940447219218,0.00308988953824127,-0.228673193196305,-0.160117920171186,-0.120058050896602,-0.0730589714525558,0.0358104762057078,0.0326564265613195,-0.104436759616177,-0.11439847835269,-0.030084263917689,0.101084732505651,0.0866344001393375,0.0521791350178691,-0.297142103873529,-0.120484328321068,-0.0194794997175951,-0.103904558178098
"4",-0.00141764254628698,0.0143555648484485,-0.0868920807605364,1,0.111113560060389,0.0980957298165382,0.00992230365148623,0.0453893945083247,-0.122366487468954,0.0846436151930882,0.050804068683772,0.309096231148926,-0.0157710592701471,-0.0735935357449359,-0.0465157137437857,0.0703146769026729,0.0260919713248548,-0.0301828597781639,-0.00915249048830381,0.0976158355528548,0.00480485230379811,0.0929351665694515,0.0503117287266728,0.131855558614602,-0.0380632570240604,0.214196011054536,0.0497453217232694,0.0465215187324509,0.119994995652111,-0.0429336743688022,0.0927011415065088,-0.00500762581424798,0.155272957482709,-0.102844623536819,0.00597232837095222,0.0537871453966502,-0.0308501602187015,0.238846348895419,0.0481021496429555,-0.0731029492858937,0.00295827385242692,-0.0858552920462017,-0.121064731075275,-0.00368682905290639,-0.0362190083669332,0.170726807922875,0.0617236878102034,-0.0122524385099631,-0.0131040678559903,-0.130374589837259,0.0473072756966222,-0.055845718216949,-0.115928718303542,0.0443282293010769,0.175354808636828,0.0116000155652318,-0.0728687307678378,0.190298009131172
"5",0.0783981423665768,0.0871548740707697,0.016299439581526,0.111113560060389,1,0.217789239505739,0.0387113316297813,-0.0642066003508367,-0.00920274830626621,0.117017830118812,0.107107348333752,0.143253290845111,-0.0386623758604259,-0.0764463773602463,0.133578441635637,-0.237152265518847,0.0323655985677325,-0.0802801310026992,0.050306585533862,-0.0575880039386386,-0.220298630844062,-0.0541258602003768,0.0907222163082889,-0.0433392674709126,0.0303984796555902,-0.106627622263768,-0.0887031050252034,0.0693339310710949,0.00540607187385393,0.0186849773030169,0.0639977670206892,-0.0820781615339,0.030353746568961,0.236611780891248,0.0837500695093479,-0.264302358780901,0.00045992129828884,-0.130972859141106,-0.0236727903815546,-0.00024031985554119,-0.0017764386973956,0.0160214585250122,-0.0292920826485916,-0.0639714860159928,0.0849367248677687,-6.30463900421739e-05,-0.0133090824020629,0.0663473703890507,0.0841599949194944,0.0326132785378853,0.137883961018787,0.0226034117230566,0.024011072959054,0.0395754508719956,0.121267395273263,0.167049420004748,0.0657615267516337,0.258098537584173
"6",-0.150261525183891,0.0534182803831225,0.0233482034339944,0.0980957298165382,0.217789239505739,1,0.0193339715310533,-0.148099457170734,-0.211331116990695,-0.0526729899564072,0.0565312338617813,0.00900480360832729,0.0234086971371549,0.0591390470357797,0.162293456677634,-0.065366410348766,-0.0862834653917798,-0.00872302240014733,-0.145604009153336,-0.0685181151646719,-0.0121685094072969,-0.0112630237660557,0.0298828837057867,-0.0593076531944852,0.0390188359662933,0.0836948847221992,0.04949647070145,0.0342878577610509,-0.154527908763492,0.178281569776107,-0.0765531207416785,-0.11116587806468,-0.0211132657964757,0.0499053031475929,0.0855843895906351,-0.176403622332563,0.139634684565976,0.050194516613519,-0.097057154940896,0.0185766128885852,0.106966996672936,0.00164093613610075,0.0916393925907998,-0.215016105331842,-0.00397992526774124,-0.105421185741239,-0.0686520906743064,0.0515836864983986,0.149137844139309,-0.0121192107899147,0.120665166522875,0.224676154546836,0.0709475844713858,0.131259332725072,0.0535968364382283,-0.0815113434104363,-0.096735657137811,0.0722523730033768
"7",0.203499801859019,0.0876567135478905,0.0509849829719232,0.00992230365148623,0.0387113316297813,0.0193339715310533,1,0.0611686290655914,0.0506977221532226,0.167777898659608,0.141780520377283,-0.0326983990130663,0.046948943464781,0.016117388697815,-0.00606710344338521,0.090120493191705,0.0611156535531254,0.0934792434697303,0.166979476653627,0.160272008596367,-0.0527653798036875,0.0779372249534336,-0.103900418920023,-0.0263836177441903,0.119212414685947,0.0927143924206108,0.127416543395154,0.38763769880453,-0.107434365591852,0.208712802658872,0.00873308156743147,0.281783020452879,0.16054856128928,0.0666687121362009,0.141311806959879,0.0780999284682253,-0.0360053800288307,0.0506057424033659,0.0359308764072695,0.0754571212124574,-0.0218680567242319,-0.109328225362937,0.160280050587256,-0.1416601347776,0.106299092931548,0.153466758856549,-0.0603743750951846,-0.0714353155549427,0.0949175362099611,-0.109146831200284,0.0227801964044842,0.171275762745421,0.0424379592885661,-0.0257023090444446,0.00995757202059009,0.0250334634930046,0.0191892624350082,0.0743821580462962
"8",0.0341541792189711,0.0706231515159213,0.036074137558247,0.0453893945083247,-0.0642066003508367,-0.148099457170734,0.0611686290655914,1,-0.0707558905835389,0.103680721699536,0.0282386420631199,0.179973035633522,0.170346750843928,0.107257939800495,0.00376027100577395,0.163685775541649,0.112512644871705,0.210562447423864,0.179349213129402,-0.077819478237988,-0.0394415811080446,0.0159399247559473,0.0983446310740503,-0.117595434342605,0.114651833776126,0.247729186530318,-0.181312454773192,-0.0797769896964294,0.0946921676860517,-0.170435512180933,0.363551745761674,0.121100802192715,0.202776604264309,0.359403830079772,0.0390063827171745,0.368614429718918,0.122302215030682,0.203221602860453,0.106288098125574,-0.0878286323001926,0.242340406552912,0.145623125804832,0.0972143083737675,-0.0941396557467646,0.159842174282117,0.221162815120927,0.189814292273252,0.0229601070694646,0.183979364906506,0.0975225572268804,-0.172574386719666,0.0638641127455687,-0.0314018217940396,-0.0832827235744067,0.0498577475068946,-0.0322177104475692,0.0428076483993043,0.102433998746811
"9",0.0166159419706695,-0.00069888483552767,-0.138641082014032,-0.122366487468954,-0.00920274830626621,-0.211331116990695,0.0506977221532226,-0.0707558905835389,1,0.227066704303112,-0.115411255779807,-0.0536472281861146,0.0897998391946601,0.133266239179683,0.0290424929120054,-0.0226315521730441,-0.0762013837397607,0.0573337684833352,0.0703260673928771,-0.220887367495557,0.0630344870205576,0.114739857555455,-0.101756545524277,-0.0834533041438705,-0.0577219473341106,-0.12890344477697,0.103197221565421,0.0327264159472777,0.068691477775243,0.00282462984781713,0.0803379030585529,0.167697219821295,0.106524379164278,0.0456663231645727,0.0023920490953018,0.0662924802327751,-0.0802116934779536,-0.160955879133738,-0.0426806403985471,-0.0658073479228627,-0.112310784017711,-0.151707821209467,0.28781425193872,0.128619775687039,-0.025298099224779,-0.0127116734189007,-0.044219072515875,-0.150586392294883,0.133671500440532,0.150440991854555,0.0634003934715259,-0.181670870622792,-0.0375638295317191,-0.00406170369251287,-0.133399038172974,0.160010182561754,-0.0333947939052577,-0.0741902642799023
"10",0.120896474974791,0.371458485258357,-0.0947584872360088,0.0846436151930881,0.117017830118812,-0.0526729899564072,0.167777898659608,0.103680721699536,0.227066704303112,1,0.117112243945803,-0.0273477109176516,-0.142007057595741,0.0736881843891056,-0.0901124108970354,0.0538434710761818,-0.0568945721464165,0.246670584694373,0.127377241564139,-0.0501126593310161,0.0977885943054803,-0.0878710449214056,0.0508287560065844,-0.0700461514775185,-0.232001606030885,-0.194034183136454,0.129790746011205,0.0534097956373488,0.222286961588602,0.0505086283228779,0.093710652895254,0.142519346929079,0.0144583006030587,0.0540893407293771,0.0980833824301591,0.19313175773143,-0.0822068815053875,-0.0436167823481628,-0.123180041443727,0.0421739720321194,-0.0888021275701685,-0.0696223797482368,0.231188665014288,0.0444289009293424,-0.0422611803641171,0.0542873710688721,-0.0443028230726221,-0.0254509675994841,0.0338500079771407,0.126732208138838,0.0302575782340597,0.0950995901807727,-0.114145605718834,-0.0900967470558931,-0.102075062504916,0.117505250877464,-0.0280782938317886,-0.0505474309976611
"11",0.0346623102697581,0.239030649693246,0.0428809503276564,0.050804068683772,0.107107348333752,0.0565312338617813,0.141780520377283,0.0282386420631199,-0.115411255779807,0.117112243945803,1,0.276232807468917,0.0485778889737875,0.300990491653553,0.184954369034871,0.144171780951131,0.103626026723691,0.19663034816229,0.0174670807844472,0.117509744145657,-0.067349391933409,-0.00014475000864042,-0.0174318278919346,-0.0902360802215638,-0.0665649595938296,0.0806914574258108,0.0474589207904011,0.0527914128147157,-0.213191338557022,0.113581672815578,-0.0887218092241556,0.214337946768706,0.235781400991218,0.0795034741645246,0.114940654306591,-0.219402737137892,-0.101987533979903,0.0544142445474674,0.0788236751238171,-0.0456711022056131,0.109590339728773,-0.0541291403006116,-0.00323049661794756,0.00256896870791077,0.0543383291510109,0.173299761293276,-0.123986553284457,-0.0270194903583117,-0.0129776429458897,0.0428368277396678,0.0914043711822056,0.211277617018635,0.0100817469388152,-0.146894846642492,0.120764976397629,-0.0902630856721374,0.170885795289665,-0.104248171583568
"12",0.163408956856502,0.203305048996434,0.196823966276588,0.309096231148926,0.143253290845111,0.00900480360832729,-0.0326983990130663,0.179973035633522,-0.0536472281861146,-0.0273477109176516,0.276232807468917,1,0.0145801666817057,-0.0492801296741779,0.143083134109838,0.0753110846846914,-0.00925209517214123,-0.0213868290815275,0.0581545685312137,0.165020173237717,-0.156518213664387,-0.0487520515288568,0.0405165829382517,-0.055214748112835,0.0834551192446914,0.136012933432452,0.152984771569174,0.0361563936249871,0.0553041444912309,-0.0370512563445477,0.102752615758174,0.0610966961364485,0.279172897948246,0.154100150521266,0.123301445627391,-0.005889146094766,-0.0818670767465909,0.0374904298243495,0.113621842196248,-0.0444056881887322,0.00025260591614987,-0.124280844318238,-0.273851665731117,-0.166039172841515,-0.151009153085206,0.0572315469082802,0.00977904563134412,-0.0387588440673481,-0.152242424704869,-0.152844561776838,0.185953958190381,0.274109530598234,-0.0655945215771225,0.00818778316317779,0.171182615580334,0.0856398687254034,0.0515935098237367,-0.136443847877432
"13",-0.0327812033841228,-0.110345376490883,-0.102102603877633,-0.0157710592701471,-0.038662375860426,0.0234086971371549,0.046948943464781,0.170346750843928,0.0897998391946601,-0.142007057595741,0.0485778889737875,0.0145801666817057,1,0.193809645749298,0.164431842161996,0.0430507574618944,0.128646843962478,0.0651403023127593,-0.0563356741606134,-0.00735675902617285,-0.0336406512630568,0.234398446473593,-0.0885893675219483,-0.125870582439006,0.0734006191206053,0.0812569738696454,-0.0561922019577331,-0.0296657854873341,-0.106747244069663,-0.0657377584338125,0.212353956302264,0.0401606910220864,0.138150530878927,0.00942172281993612,0.121979466868888,0.135637121590759,0.0509503552360277,0.0749417279383677,0.101098777057795,-0.125834763824556,0.0707062081376593,0.0531569488014856,0.19240523506165,-0.035112396991012,-0.0287553234021345,0.127279890504464,0.0114569453905781,-0.182237077412307,0.370013046232847,0.140356125227125,-0.00440665079425265,-0.0414621166997787,-0.0861962553118643,-0.0200662398380775,0.14642228402349,0.027741842787183,0.0118733692067775,-0.214928448388983
"14",-0.00621397952784284,-0.00591393080315153,0.0149751052658669,-0.0735935357449359,-0.0764463773602463,0.0591390470357797,0.016117388697815,0.107257939800495,0.133266239179683,0.0736881843891056,0.300990491653553,-0.0492801296741779,0.193809645749298,1,0.0876294630443007,0.0358265485896712,0.156057171301649,0.397824490226624,0.182851566649455,0.095375243541752,-0.0145986473889272,0.115582150102279,-0.0139943110767244,-0.128641257380784,-0.0517369037870676,-0.0686721740266731,0.0986054456054811,-0.0148486436266702,-0.11954511525136,-0.00234514424637686,0.168560192120074,0.0398947945755886,0.119405212275225,0.060388372560884,-0.0874667729706807,8.61581227118709e-05,-0.122666027584415,0.032701799479292,0.174846817507762,0.0863068573523806,0.224363380465584,0.190712120891107,-0.00656744660298343,-0.0179517076724036,0.0452074364016453,0.0762289202433661,0.0412159671428834,0.0896653002261705,0.196668645910898,0.712249413192697,0.0310020659246925,0.00951861866325418,0.0244620567016879,-0.269025028605946,-0.0969071998408112,-0.174806840837654,0.312764410219551,-0.0978059638060708
"15",0.0169266084208057,0.0915800720894357,-0.0603271593429942,-0.0465157137437857,0.133578441635637,0.162293456677634,-0.00606710344338521,0.00376027100577395,0.0290424929120054,-0.0901124108970354,0.184954369034871,0.143083134109838,0.164431842161996,0.0876294630443007,1,0.187635977125479,-0.0150675238915993,0.0325101378881856,-0.160419938032252,0.0114450955116773,0.0688896355041861,0.0350643929725103,-0.00859294036098476,-0.078257504610846,-0.0337572579167114,0.0626793329380634,0.0752224936469494,-0.0185467882764493,-0.011779752306604,0.0237729230903746,-0.119517495731651,0.0508312581966252,-0.00452951772418216,0.0012097437156598,0.299714128140922,-0.125933975020116,0.0851632174804332,-0.0700341961371153,-0.0198508356650603,-0.0261328590114638,0.00321187820420015,0.0143300371226762,-0.0347569107091344,-0.218391337826313,0.00262362191137268,-0.123341656976011,-0.201527220668836,-0.102055105036825,-0.00079766552161086,-0.0502794421521618,0.209521518098687,0.324619734582823,-0.0128536710321314,0.0204405101543556,0.255545476375984,-0.00175988455718752,-0.0816982729166537,-0.101482182647112
"16",0.125120374145045,0.209901083543437,-0.0808094963841926,0.0703146769026729,-0.237152265518847,-0.065366410348766,0.090120493191705,0.163685775541649,-0.0226315521730441,0.0538434710761818,0.144171780951131,0.0753110846846914,0.0430507574618944,0.0358265485896712,0.187635977125479,1,-0.0185150978050164,0.190329199274566,0.0475194339333627,0.0148951251827482,-0.128234157371713,0.136473690671246,-0.0435623694778049,0.00472780582593161,0.0405211803559893,-0.00890586290694396,0.0290042992100765,-0.0253130383844533,0.0221729269583348,0.167851130597705,0.108660801590065,0.129279186402195,0.127240801134339,0.0891854640265861,0.057508768712417,0.14599145116894,0.114123364348378,0.133248742445314,0.119231994316448,0.0151104094999206,0.00881079609996746,-0.10036355258209,-0.0428426461074508,-0.202315803030176,-0.0466489563709581,0.0764277688892396,-0.0653513480012412,-0.107758509615534,-0.130293225342089,0.0156800370513349,0.171624846303876,0.360289810967653,-0.105433992644224,-0.160552417152545,0.197611298987532,-0.104476194405493,-0.0279080640552829,-0.160541056683696
"17",0.0989071231377216,-0.150410558581187,0.176579296185888,0.0260919713248548,0.0323655985677325,-0.0862834653917798,0.0611156535531254,0.112512644871705,-0.0762013837397607,-0.0568945721464165,0.103626026723691,-0.00925209517214123,0.128646843962478,0.156057171301649,-0.0150675238915993,-0.0185150978050164,1,0.1594019917956,0.0941069269490472,0.053294765245361,-0.068787462730614,0.0889372649795623,-0.139161636893733,-0.11953298525999,0.0758462805878631,-0.0221267319695205,-0.0108160173264483,-0.128440033731298,-0.175502770524969,-0.0625748464844042,0.102564546106067,0.0504782795952313,-0.0236973426089887,0.0672118198149816,0.0719393276068814,0.00256922261863221,0.0319559002949596,0.0732600548562452,0.202467349606385,0.164871752486651,0.119827442173635,0.299228517893322,-0.171149123146323,0.0157114673530562,0.22076441366792,0.130077079740641,0.112915391231181,-0.00458182515866339,0.26008966096098,0.0215407580036712,-0.0182839236069216,-0.163039926455471,0.00946780419037756,0.00928875790921588,-0.079807303241338,0.0425883779456147,-0.0647609387882024,0.15827421470768
"18",0.0556298134833361,-0.020312045111037,0.0538783714235221,-0.0301828597781639,-0.0802801310026992,-0.00872302240014733,0.0934792434697303,0.210562447423864,0.0573337684833352,0.246670584694373,0.19663034816229,-0.0213868290815275,0.0651403023127593,0.397824490226624,0.0325101378881856,0.190329199274566,0.1594019917956,1,0.187056044818174,0.118734916425881,-0.0618235306326123,0.180289892528211,-0.103342489408154,-0.165577101159389,-0.0465902923306577,0.0744462975412122,0.00974493560043155,0.011257092131753,0.0292293034144674,0.0850332796690955,0.273186227526033,0.155323757839435,-0.0096601179427756,0.0959656863713299,0.112179461197303,0.186350078418888,-0.171183701019827,0.121286526676183,0.308588253786926,0.127378208406231,0.159860411703388,0.0703806832879626,0.0309780820914028,-0.123537140721195,-0.0633286428711559,0.13699894814949,-0.0651523276775594,0.00362287714294147,0.0557180021052742,0.338945533808883,-0.0610720166450838,0.105208451779091,0.0255810504680283,-0.0119768260910132,-0.0989414228259701,0.0549846281523362,0.140733418935542,-0.0754025594105793
"19",0.0955289132034455,0.0541781200718167,-0.0427492648384363,-0.00915249048830381,0.050306585533862,-0.145604009153336,0.166979476653627,0.179349213129402,0.0703260673928771,0.127377241564139,0.0174670807844472,0.0581545685312137,-0.0563356741606134,0.182851566649455,-0.160419938032252,0.0475194339333627,0.0941069269490472,0.187056044818174,1,0.27086302173247,-0.0256931630612632,-0.0142148784158392,-0.115402579705453,-0.0513370749991747,-0.00931466548565987,-0.107767397476099,0.0137741815539045,-0.123079643660684,-0.139520990663983,0.0875820511124062,0.545662727803269,0.289719467366435,0.0560543516761738,0.0362338692441929,0.13359811487174,0.253864036975353,-0.0635472516321918,0.116643334480285,0.0532555692570528,-0.0336031886947935,0.100119036027071,0.0468389442672135,-0.0129592195054974,-0.125385337404089,0.248278590792292,0.107980843534392,-0.0262287541521242,-0.081311712108849,0.109937448312418,0.252786463183268,-0.0112758389807038,-0.0314274318722472,0.00395616587477345,-0.00601804850400749,0.00317181199122257,0.0514449297181278,0.125447445504097,0.143324611013296
"20",0.0358350576729691,0.0360159841787644,-0.0859839294323552,0.0976158355528548,-0.0575880039386386,-0.0685181151646719,0.160272008596367,-0.077819478237988,-0.220887367495557,-0.0501126593310161,0.117509744145657,0.165020173237717,-0.00735675902617285,0.095375243541752,0.0114450955116773,0.0148951251827482,0.053294765245361,0.118734916425881,0.27086302173247,1,-0.043482441926134,0.0273568966542508,-0.00158067895770047,-0.0965102767957324,0.0404544054267405,-0.209448607039781,0.0665816908895932,-0.0797252886449991,-0.240525239941259,0.0721140929683996,0.114652757767855,0.40907924338331,0.0944647107540625,-0.201671668194285,0.00382574023180556,0.0895141622095869,-0.010778399843762,0.240077655073998,0.0504081257194709,-0.0195966658179938,0.190057446639175,0.194056545765549,-0.160612700863418,-0.100895199964955,-0.0594547344378758,0.0993344947977644,-0.00775714922292631,0.0998017284601073,0.00915028133377187,0.00360365570648503,0.0548557726238747,0.0484739935506332,0.0743096848088873,-0.0700355481313879,0.266730118963076,-0.0377916735587152,-0.0741425800310294,-0.00194820205251917
"21",-0.0864125156216565,0.0324803000888213,-0.249512982143951,0.00480485230379811,-0.220298630844062,-0.0121685094072969,-0.0527653798036875,-0.0394415811080446,0.0630344870205576,0.0977885943054803,-0.067349391933409,-0.156518213664387,-0.0336406512630568,-0.0145986473889272,0.0688896355041861,-0.128234157371713,-0.068787462730614,-0.0618235306326123,-0.0256931630612632,-0.043482441926134,1,0.0451592313990539,0.0321276262869441,-0.127706391126533,-0.0392962328301582,0.0158254676245861,0.144844011702492,0.0787642033200531,0.200378294065883,0.0521309021126831,0.167535859358089,0.0522401431471547,-0.264019688165105,-0.319618748949781,-0.120416084289596,0.0323558136383037,0.0845430567024812,-0.0566636624944396,-0.0416121250126376,0.0369496857194508,-0.00564319307410859,0.0610828615359717,0.12291111254049,0.220019523672331,-0.012392576239958,0.0260595347380033,-0.02676398049071,-0.0929157061896981,-0.0222730261191006,0.0879111203555619,-0.22120925553757,-0.105331095667121,-0.141457137237988,0.0162142979717248,-0.0554450044308953,0.055733671737974,-0.311366568673006,-0.0540619592698014
"22",0.043024612910878,-0.0894408264692292,-0.13396809868857,0.0929351665694515,-0.0541258602003768,-0.0112630237660557,0.0779372249534336,0.0159399247559473,0.114739857555455,-0.0878710449214056,-0.00014475000864042,-0.0487520515288568,0.234398446473593,0.115582150102279,0.0350643929725103,0.136473690671246,0.0889372649795623,0.180289892528211,-0.0142148784158392,0.0273568966542508,0.0451592313990539,1,0.079711757733897,-0.015757795379815,0.129643311781039,0.0570008125292393,-0.0116514919334531,0.0423482000671094,-0.0598627083924748,0.0982220779458075,0.232126006993261,0.153019840507137,-0.0817859246165323,-0.0328599199189311,-0.0653180133029148,-0.151477243035365,0.141677500648039,0.103283140795871,0.103874717555474,-0.0975252939174555,-0.0501462997786736,0.0160558606983318,0.0516718159082881,0.0196510780960945,-0.00418635926646639,0.113264521732626,0.0132946817305298,-0.0384809030269124,0.0210769592842826,0.0842346619762228,-0.0642907521018189,-0.082764003440155,-0.270471198818745,0.0246648378096761,-0.0370457448714746,0.20425493869022,0.0336460416346422,0.0802591914075286
"23",-0.0779230405467322,0.0838678442863242,-0.130999653777918,0.0503117287266728,0.0907222163082889,0.0298828837057867,-0.103900418920023,0.0983446310740503,-0.101756545524277,0.0508287560065844,-0.0174318278919346,0.0405165829382517,-0.0885893675219483,-0.0139943110767244,-0.00859294036098476,-0.0435623694778049,-0.139161636893733,-0.103342489408154,-0.115402579705453,-0.00158067895770047,0.0321276262869441,0.079711757733897,1,0.395523768058472,0.0805205521154475,0.0613975908851175,0.0823826360581704,0.0842258218149533,-0.0658574495481971,-0.0278716311971354,0.0910450481643773,0.0662089563389591,-0.204870378237772,0.0432664335515138,0.00884158765019713,-0.0914482162855195,0.175692263382497,0.0774268691426715,-0.111571752188035,0.070267810267109,-0.0696475525728114,-0.0262873292006372,-0.0510464063136545,0.0973622506828635,-0.180303742670273,-0.0522789283195311,-0.0921112426541944,0.229794197080627,-0.00421996871710684,0.0294332142806326,0.0438171512957452,-0.0353459840347453,0.0783838342757988,0.00262523795873611,-0.0115205440432129,-0.0215594184556057,0.0862405941657943,0.101216788520408
"24",-0.179999063096227,0.0645697567506923,0.0536439769648688,0.131855558614602,-0.0433392674709126,-0.0593076531944852,-0.0263836177441903,-0.117595434342605,-0.0834533041438705,-0.0700461514775185,-0.0902360802215638,-0.055214748112835,-0.125870582439006,-0.128641257380784,-0.078257504610846,0.00472780582593161,-0.11953298525999,-0.165577101159389,-0.0513370749991747,-0.0965102767957324,-0.127706391126533,-0.015757795379815,0.395523768058472,1,-0.0283360287017316,0.0920835698807897,0.0953916641878228,0.112072276969299,0.124560829170357,0.00038291709230187,-0.0806487822511885,-0.123570591464223,-0.0910253438905966,-0.119559053097966,-0.0699631133209821,-0.159766060386132,0.0910099034667244,-0.0127996405727581,0.0431269029717242,-0.084745583756011,-0.133584270758934,-0.0322941808465304,-0.179809091199576,0.0997795801629504,-0.159964501596495,0.00067629516159123,0.0299263743854624,0.232821410177443,-0.0882210777691409,-0.0681609678092229,0.0243562155921961,-0.131850825243114,0.194360216203011,0.226445213890633,-0.0724805860326434,-0.0549594625889685,0.199802290402588,0.0326685100500596
"25",0.0399416538503484,-0.18472152937948,0.167189701452898,-0.0380632570240604,0.0303984796555902,0.0390188359662933,0.119212414685947,0.114651833776126,-0.0577219473341106,-0.232001606030885,-0.0665649595938296,0.0834551192446914,0.0734006191206053,-0.0517369037870676,-0.0337572579167114,0.0405211803559893,0.0758462805878631,-0.0465902923306577,-0.00931466548565987,0.0404544054267405,-0.0392962328301582,0.129643311781039,0.0805205521154475,-0.0283360287017316,1,0.20766119531922,0.0195196117637233,0.238250343666359,-0.0631052502331536,0.157040880740812,-0.0101704419291872,0.00767383395915521,-0.0642186016207163,-0.0798416551229857,0.153778563655618,-0.155301004292395,0.20010065095696,0.213386610272547,0.012383879903444,-0.0835508029843118,0.0108423828875963,0.0382307459012078,0.0868825928934183,0.0442926159720114,-0.0637213857631452,0.137501180654153,0.172917495250784,0.0881970526715745,0.0418866626283136,0.00226217297822129,-0.118520709085406,0.0159043965737526,-0.0289900106185904,0.109209391621873,0.066930786555662,0.113298414367674,-0.0280266678696302,0.133456588737897
"26",0.100371387810266,-0.168931774835859,0.0084993400114415,0.214196011054536,-0.106627622263768,0.0836948847221992,0.0927143924206108,0.247729186530318,-0.12890344477697,-0.194034183136454,0.0806914574258108,0.136012933432452,0.0812569738696454,-0.0686721740266731,0.0626793329380634,-0.00890586290694396,-0.0221267319695205,0.0744462975412122,-0.107767397476099,-0.209448607039781,0.0158254676245861,0.0570008125292393,0.0613975908851175,0.0920835698807897,0.20766119531922,1,-0.0753478860525398,0.0530989390269467,-0.0627709830108864,-0.11526013792962,0.0483995699706992,-0.134532434409188,0.023694704022636,0.0708095944328929,0.0913979809703403,0.112332851604612,0.136898614942804,-0.0727199234056105,0.0586673200385594,-0.0397405423877945,-0.240529265721779,-0.0654640118335904,0.0736838289076732,0.0100893109173975,0.033191518439121,0.139269654693558,-0.0419621249756701,-0.0790573631065911,-0.0607546952562593,-0.0374807990970604,-0.0717692158551056,-0.0111010608885,-0.0345654527471945,-0.0491440215299392,0.0599613741138248,-0.11539827692281,0.0771331060205429,0.0477457453060305
"27",0.0422735537402934,-0.0151852432891404,0.0288749313856839,0.0497453217232694,-0.0887031050252034,0.04949647070145,0.127416543395154,-0.181312454773192,0.103197221565421,0.129790746011205,0.0474589207904011,0.152984771569174,-0.0561922019577331,0.0986054456054811,0.0752224936469494,0.0290042992100765,-0.0108160173264483,0.00974493560043155,0.0137741815539045,0.0665816908895932,0.144844011702492,-0.0116514919334531,0.0823826360581704,0.0953916641878228,0.0195196117637233,-0.0753478860525398,1,0.30568846553565,0.181274307347827,0.18700579239234,-0.0350421604329043,0.166154130951176,-0.0723010269123056,0.00863509954440038,-0.058310608901854,-0.164850902102655,-0.00652497655628948,-0.0603837654890648,0.0567436252696061,0.162359367843963,-0.0614421146717651,-0.130424794724853,-0.0113529225246919,-0.201567685779488,-0.133507691716993,-0.139174269427559,-0.093876931099864,0.0137663792459788,-0.103591294988603,-0.0465149801348953,0.122410758751347,0.0891896998026808,0.0826931270362893,0.0806034844267104,-0.0178731009089612,-0.00211790226136049,0.0395665257156054,-0.140739017782786
"28",0.179557781185086,-0.0880782012117508,0.0269183363654903,0.0465215187324509,0.0693339310710949,0.0342878577610509,0.38763769880453,-0.0797769896964294,0.0327264159472777,0.0534097956373488,0.0527914128147157,0.0361563936249871,-0.0296657854873341,-0.0148486436266702,-0.0185467882764493,-0.0253130383844533,-0.128440033731298,0.011257092131753,-0.123079643660684,-0.0797252886449991,0.0787642033200531,0.0423482000671094,0.0842258218149533,0.112072276969299,0.238250343666359,0.0530989390269467,0.30568846553565,1,0.200460259765506,0.163953174983023,-0.0882738997958591,0.0407468623888635,0.0756160658297157,0.0640626884670423,0.115526256196032,-0.188266040442967,-0.13515607274026,0.0404813047751557,-0.0291392835458469,-0.0603428367975781,0.0243252648992599,0.0027746719930364,0.0768649987065791,-0.00347260099367515,-0.192134055335473,0.0531585408106189,0.00366897478293031,0.0517410041845837,-0.00428592965031237,-0.0856840376580791,-0.0704881727516108,0.169830563168103,0.0361894051508451,0.0229260668087649,0.0425939830970371,0.0329247591001105,0.0649179016065842,0.018967388858578
"29",-0.0375182712673449,0.239552017902847,-0.0254691826315191,0.119994995652111,0.00540607187385394,-0.154527908763492,-0.107434365591852,0.0946921676860517,0.068691477775243,0.222286961588602,-0.213191338557022,0.0553041444912309,-0.106747244069663,-0.11954511525136,-0.011779752306604,0.0221729269583348,-0.175502770524969,0.0292293034144674,-0.139520990663983,-0.240525239941259,0.200378294065883,-0.0598627083924748,-0.0658574495481971,0.124560829170357,-0.0631052502331536,-0.0627709830108864,0.181274307347827,0.200460259765506,1,0.0625656341616671,0.0627533430850786,-0.0579557352512789,0.125712970913032,-0.0148546854717468,-0.134829843633171,-0.0959730847103762,-0.0604420148205633,-0.00037953074021315,0.220297533815882,0.134463928995968,-0.0293366623558583,-0.0323273193481296,-0.0454538303320855,0.0944003533819085,-0.234109402410454,-0.0347603447774432,0.0626570062786083,0.134720036134527,-0.159811390978242,-0.0191757036415794,-0.118507344016572,-0.0312302302524826,-0.0606542407402147,0.105283655960233,-0.0827586921645605,0.137029799162245,-0.0540716168716102,0.0140154059009167
"30",0.131488550206376,0.155157051268146,0.0125477035480293,-0.0429336743688022,0.0186849773030169,0.178281569776107,0.208712802658872,-0.170435512180933,0.00282462984781713,0.0505086283228779,0.113581672815578,-0.0370512563445477,-0.0657377584338125,-0.00234514424637686,0.0237729230903746,0.167851130597705,-0.0625748464844042,0.0850332796690955,0.0875820511124062,0.0721140929683996,0.0521309021126831,0.0982220779458075,-0.0278716311971354,0.00038291709230187,0.157040880740812,-0.11526013792962,0.18700579239234,0.163953174983023,0.0625656341616671,1,0.0124351340183894,0.0923333848241028,0.122795968640511,-0.0923213649095978,0.1303716559784,-0.0658909431267164,0.135751705343899,0.13526713564303,0.0530896303795898,0.223620644615606,0.0545247607128527,-0.0627447359680255,0.039747142724043,0.0214806113052597,-0.073829433817081,-0.172866304254396,-0.0927238534492086,0.0503059139995702,0.0336690029483938,0.0943251740850341,-0.0416981853054646,0.0699555958797252,-0.0382864052160998,-0.0357147780911572,0.139307384021802,-0.129207802224097,-0.0257749901800353,-0.0141782902486572
"31",-0.00077478430172823,0.05380915462736,-0.178634441822159,0.0927011415065088,0.0639977670206892,-0.0765531207416785,0.00873308156743147,0.363551745761674,0.0803379030585529,0.093710652895254,-0.0887218092241556,0.102752615758174,0.212353956302264,0.168560192120074,-0.119517495731651,0.108660801590065,0.102564546106067,0.273186227526033,0.545662727803269,0.114652757767855,0.167535859358089,0.232126006993261,0.0910450481643773,-0.0806487822511885,-0.0101704419291872,0.0483995699706992,-0.0350421604329043,-0.0882738997958592,0.0627533430850786,0.0124351340183894,1,0.313895991889955,0.0273777266400609,0.100779100398119,0.121051006314413,0.291804822398647,0.0279478400339682,0.119042619615422,0.0862672245116745,-0.0131456917190137,0.172214640461691,0.151756372778005,-0.0541243557497495,-0.00529575736383414,0.153944392914593,0.224116273589621,0.0968090034046386,-0.0686986294395246,0.0279560552641376,0.248117448430934,-0.132825358080758,-0.109994963695013,-0.0584039019398764,-0.153627859319875,0.109864148753652,-0.0402182985578311,-0.055942860087755,0.125876831653506
"32",0.0332389619748767,0.237826621108388,-0.213408731514902,-0.00500762581424798,-0.0820781615339,-0.11116587806468,0.281783020452879,0.121100802192715,0.167697219821295,0.142519346929079,0.214337946768706,0.0610966961364485,0.0401606910220864,0.0398947945755886,0.0508312581966252,0.129279186402195,0.0504782795952313,0.155323757839435,0.289719467366435,0.40907924338331,0.0522401431471547,0.153019840507137,0.0662089563389592,-0.123570591464223,0.00767383395915521,-0.134532434409188,0.166154130951176,0.0407468623888635,-0.0579557352512789,0.0923333848241028,0.313895991889955,1,0.0181613806873453,-0.0425667426424905,0.210439180296246,0.0764417403054924,0.109409217254339,0.229692832395281,-0.0556631393215148,-0.0299489199415204,0.114792308467138,-0.065827536035994,0.166820384713568,0.0957771175781516,-0.0269767878378868,0.175809253697948,-0.102207571024539,-0.140513655937446,0.0691697077177252,-0.0235998269175359,-0.00416336268516692,-0.0858469091559159,0.0383172283639705,0.0322828636924131,0.135434664468395,-0.00833718764106228,-0.0249109456232067,0.0129561960354327
"33",0.287606566534397,0.172216053073305,0.0935385107165793,0.155272957482709,0.030353746568961,-0.0211132657964757,0.16054856128928,0.202776604264309,0.106524379164278,0.0144583006030587,0.235781400991218,0.279172897948247,0.138150530878927,0.119405212275225,-0.00452951772418216,0.127240801134339,-0.0236973426089887,-0.0096601179427756,0.0560543516761738,0.0944647107540625,-0.264019688165105,-0.0817859246165323,-0.204870378237772,-0.0910253438905966,-0.0642186016207163,0.023694704022636,-0.0723010269123056,0.0756160658297157,0.125712970913032,0.122795968640511,0.0273777266400609,0.0181613806873453,1,0.218216477133666,0.123561962493398,0.100930667451108,-0.1682144624009,0.0378630671079604,0.204501776473729,0.00910089699129748,-0.0205526887277979,-0.0536979194973517,-0.118108294596057,-0.210197595418573,-0.135013024414961,-0.00474361696512685,0.0546202180586864,-0.00646918886136317,-0.0416509424287709,-0.108140445857731,0.118221610767489,0.197009955254002,0.00243803987284922,-0.12783461668119,0.253172608298856,-0.0654285004585745,-0.0414704012210455,-0.104182458350604
"34",0.194048251828528,0.0497041515686479,0.241354137877853,-0.102844623536819,0.236611780891248,0.0499053031475929,0.0666687121362009,0.359403830079772,0.0456663231645727,0.0540893407293771,0.0795034741645246,0.154100150521266,0.00942172281993612,0.060388372560884,0.0012097437156598,0.0891854640265861,0.0672118198149816,0.0959656863713298,0.0362338692441929,-0.201671668194285,-0.319618748949781,-0.0328599199189311,0.0432664335515138,-0.119559053097966,-0.0798416551229857,0.0708095944328929,0.00863509954440038,0.0640626884670423,-0.0148546854717468,-0.0923213649095978,0.100779100398119,-0.0425667426424905,0.218216477133666,1,0.130793515659267,-0.0333630695062321,0.052374947992809,0.104386391725013,0.113782322309216,-0.014015738262016,0.00113534121785758,-0.129855116340965,-0.124850978164993,-0.213042857456396,-0.00013906932713356,-0.0733706244278518,-0.037566447632241,-0.0243242915256467,-0.111178019795703,-0.0489799846440752,0.151254688845032,0.174797122589528,0.177025311618446,-0.0249599139807871,-0.11754432331905,-0.0772814004869948,0.216801476464121,0.216898643826391
"35",0.0349619856113844,0.0435727333641729,-0.0207938541735771,0.00597232837095222,0.0837500695093479,0.0855843895906351,0.141311806959879,0.0390063827171745,0.0023920490953018,0.0980833824301591,0.114940654306591,0.123301445627391,0.121979466868888,-0.0874667729706807,0.299714128140922,0.057508768712417,0.0719393276068814,0.112179461197303,0.13359811487174,0.00382574023180556,-0.120416084289596,-0.0653180133029148,0.00884158765019713,-0.0699631133209821,0.153778563655618,0.0913979809703403,-0.058310608901854,0.115526256196032,-0.134829843633171,0.1303716559784,0.121051006314413,0.210439180296246,0.123561962493398,0.130793515659267,1,0.0790088730550689,-0.00870195471107942,0.224595686056017,-0.199691110342331,-0.147526349601777,0.118684945031626,-0.055411528001107,0.0507195445896793,-0.0074602445397935,0.125351905493535,0.0851813091481624,0.0942026157863316,-0.0501853168881209,0.0005290779732499,-0.115946276916144,-0.024539918915928,0.185074689328031,0.0217311175382889,0.135768698143207,0.237535773758582,-0.0199980264529505,0.0513041534461411,0.0172536746509127
