"","l_Insular.Cortex","r_Insular.Cortex","l_Amygdal.Area","r_Amygdal.Area","l_Bed.Nucleus.of.the.Stria.Terminalis","r_Bed.Nucleus.of.the.Stria.Terminalis","l_Hippocampus","r_Hippocampus","l_Orbitofrontal.cortex","r_Orbitofrontal.cortex","l_Entorhinal.Cortex","r_Entorhinal.Cortex","l_Frontal.Association.Cortex","r_Frontal.Association.Cortex","l_Globus.Pallidus","r_Globus.Pallidus","l_Glomerular.Layer.of.the.Accessory.Olfactory.Bulb","r_Glomerular.Layer.of.the.Accessory.Olfactory.Bulb","l_Glomerular.Layer.of.the.Olfactory.Bulb","r_Glomerular.Layer.of.the.Olfactory.Bulb","l_Granule.Cell.Level.of.the.Cerebellum","r_Granule.Cell.Level.of.the.Cerebellum","l_Hypothalamic.Region","r_Hypothalamic.Region","l_Entorhinal.Cortex","r_Entorhinal.Cortex","l_Vermix.Molecular.Layer.of.the.Cerebellum","r_Vermix.Molecular.Layer.of.the.Cerebellum","l_Lateral.Molecular.Layer.of.the.Cerebellum","r_Lateral.Molecular.Layer.of.the.Cerebellum","l_Anterior.Olfactory.Bulb","r_Anterior.Olfactory.Bulb","l_Posterior.Olfactory.Bulb","r_Posterior.Olfactory.Bulb","l_Subiculum","r_Subiculum","l_Perirhinal.Area","r_Perirhinal.Area","l_PreLimbic.System","r_PreLimbic.System","l_Primary.Cingular.Cortex","r_Primary.Cingular.Cortex","l_Primary.Motor.Cortex","r_Primary.Motor.Cortex","l_Retrosplenial.Cortex","r_Retrosplenial.Cortex","l_Secondary.Cingular.Cortex","r_Secondary.Cingular.Cortex","l_Secondary.Motor.Cortex","r_Secondary.Motor.Cortex","l_Striatum","r_Striatum","l_Ventral.Tegmental.Area","r_Ventral.Tegmental.Area","l_Substantia.Nigra","r_Substantia.Nigra","l_Thalamus","r_Thalamus"
"1",1,0.435247156660439,0.162521752074079,0.21894854128866,0.0693519130894256,0.00769820313913395,0.179200565673927,0.0291264747267012,0.352955003169225,0.308192800327446,0.371990033175324,0.211720671585468,-0.0397097720675282,0.141953828211634,0.103672727522256,0.146757352459499,0.238917527045064,0.201551137985147,0.190922239466395,-0.105348255960124,-0.0424943489593915,0.0842918097968305,0.0487236602597737,-0.149481851928778,0.0825634001706668,0.212407863689655,-0.181488942698737,0.0719127813658493,0.0968618977342649,0.0867191557913837,0.204731570964212,0.00479087660300746,0.202274356949926,0.267745405197786,0.0797551356950315,-0.00544092695625433,0.136853795090691,0.166267018812554,0.11514193718426,0.128169141840669,-0.0845864604806804,0.0652690349104857,-0.152504048339409,-0.0620618878644182,-0.0614981375560656,-0.0962648186822837,-0.0622406847714467,-0.0296424816972455,-0.137838956187295,0.0478101960787746,0.219005352677591,0.316042809262687,-0.0843708136051421,-0.245313816530391,0.125433637565627,-0.00426513901888741,-0.0548569527429538,0.0603040236728493
"2",0.435247156660439,1,0.228783030600233,0.117015794723593,0.108492624853975,0.0764311243829868,0.12317047427764,0.0545660686355424,0.22867442238983,0.440645166072626,0.381032882407284,0.239433664385716,-0.147881733329337,0.0736246167862648,0.151392300061649,0.0726881931667308,0.0702922149600883,0.0829507816410556,0.252952818070983,-0.0512606715379332,-0.0781718324280919,0.199489732945068,-0.110926374581776,-0.115599240234766,0.0424612415662551,0.0329697738990887,0.0694566827410641,0.185267421707445,0.1859543119847,0.157746812560475,0.173497261418428,0.0987655521123885,0.0715188817042048,0.189839847816577,0.225001692435474,0.0143033220312232,0.0396167091815017,0.182946535449291,0.0200559817726033,0.00021922195625639,-0.22158180267869,-0.0513460659861655,-0.174684659569676,0.0146519631258937,0.241046844611858,0.00782582064118127,-0.122287324330268,-0.0367520286617027,-0.132743167218327,0.125454002311387,0.338168425495509,0.329827313839242,-0.140035034539592,-0.310270445611241,0.134653853260969,0.0124151658923966,0.0134254026134058,0.00559428844189969
"3",0.162521752074079,0.228783030600233,1,0.0925634521121712,0.0726795840140543,-0.0751264719850277,-0.0123853879371978,0.0891743724134773,0.00536229863142286,0.120693716234953,0.342717768035408,0.210052488276729,0.12681857094553,0.150158268420055,0.163756090950996,0.267381573951562,-0.00460957004255863,0.00522913132897724,0.162240775585318,0.128648398164707,0.0262831002338339,0.041934941723199,-0.0922980926706359,0.0218196400183587,0.0826426191051906,-0.00386471492086503,-0.104040137648426,0.0244357321427294,0.0764931596053506,-0.0960093432928851,0.0711421673065839,0.0981916405366818,0.0768890127761512,0.172111197525682,-0.101944553480909,-0.0242298114820132,-0.0595320799000413,0.0715622088591265,0.12141404907022,0.100981610797894,-0.105496494126426,0.0713145264643774,-0.0906088780663703,-0.173298961271405,0.0111818447691757,-0.113466295801257,-0.180312980858923,-0.0564085094535906,-0.0636474369242068,0.168039711372304,0.0435436682158935,0.183061555939358,0.118349802687198,-0.00027588325531267,-0.0309636767889218,-0.0658935100547267,-0.0650952024266013,-0.152663898331843
"4",0.21894854128866,0.117015794723593,0.0925634521121712,1,-0.0235606323708753,0.0990556132837378,-0.142147028345739,0.110655044208267,0.279851198911261,0.15873309393597,0.142488935265974,0.208820317038079,0.105531136089684,0.0767945162578235,0.0595914323801246,0.26989086511795,0.101230543894435,-0.0382469117186928,-0.0111075033448292,0.055705157544656,-0.0784881399052638,0.0542986937085232,-0.0541139152542867,-0.0317615761057921,-0.0153288180066636,0.216740566524675,-0.0871961860215336,0.0391471333979517,-0.00197126386983094,-0.00644092150305207,-0.0284957739875791,0.0537020757869445,0.105268927609345,0.0482232138411552,0.170898487295445,0.1667413688084,0.0692232310909394,0.216104671052194,-0.0119202751398469,-0.0340989043844202,-0.165220510490954,0.020277022328779,0.0161992852759176,0.0309815129583019,-0.0544592466144379,-0.0736333960721435,-0.0909373050837673,-0.0500119202469645,-0.0804469675680081,0.0668531219581941,0.107742489843402,-0.0734323432451217,0.157783730260184,0.0684288173922642,0.108266438049505,0.0205175705922531,0.14877224881167,-0.0985820604307
"5",0.0693519130894256,0.108492624853975,0.0726795840140543,-0.0235606323708753,1,0.0573161037956019,0.0944828736317886,0.201925271718781,0.0582649954578561,-0.125882770019135,0.0311725520215889,-0.198357730024249,-0.0635943244117208,-0.0915395865530326,-0.00701816723052971,0.0568739860833562,0.0830777645017095,-0.0328348269894061,0.0581801211785768,-0.141597330200721,-0.210066885636871,0.0381591942381661,0.0683671741130856,0.273964375834931,-0.0625973200256936,0.0250287166216525,-0.0661204701163997,-0.165857869187625,-0.143079608780134,0.0305508615359491,0.0372779669351868,-0.211406859408951,0.00545514133412301,-0.0284835602451573,-0.06020897078114,0.201013426554112,0.0199459511024665,0.106267200064604,0.0442520343034058,0.0361497307970657,0.0621612313089894,0.248430221677975,-0.0991214480958908,-0.0530756865287633,-0.0149141559353594,-0.00181572291613465,-0.0542581535435122,0.0684764193809096,-0.145718596219598,-0.0702145553582253,0.0507142498219925,0.0993634089495276,-0.129368417276379,0.111334411904242,0.15907524239175,0.0941735342792444,0.107292215984801,0.117486264779133
"6",0.00769820313913395,0.0764311243829868,-0.0751264719850277,0.0990556132837378,0.0573161037956018,1,-0.0130936156597764,0.0807460951990778,0.075796010771685,0.0841383104659254,0.122531322173666,-0.0605954319390122,-0.17159823734423,0.047539731812687,-0.14721638440954,0.0627141694324372,-0.0453915774653312,0.0262290154556051,0.176425663394078,-0.00346707454202873,-0.0129957228449097,0.103136627771278,0.0658250627364157,0.0717489061080239,-0.103410910127795,-0.0606322771563401,-0.22886231146946,-0.073104078936561,-0.197607482128699,0.00841158691309691,0.116206418616152,0.0493172675158135,0.131535865596054,0.00975555732097715,-0.0136315230601711,0.182927368616143,-0.0552958507476544,0.136502674755774,-0.0943378860232614,-0.0008727899321687,-0.0457891154720778,-0.151572319163944,-0.1434641130557,0.01655878651456,0.136840247055036,0.0756029880156516,-0.0131687334682584,-0.0967063972493868,-0.176521132153726,-0.017051061469232,-0.0295458579461047,-0.0311235228473854,0.0160481455280202,0.0712561433759965,0.00728472507709143,0.126973843631634,-0.0468689204952585,0.212419149200282
"7",0.179200565673927,0.12317047427764,-0.0123853879371978,-0.142147028345739,0.0944828736317886,-0.0130936156597764,1,0.0321838634520284,-0.0394389033787022,0.00932603094491293,0.190879763133208,0.0766258694625829,-0.152686574701203,0.00243874558562157,0.0513939380648253,-0.0146853387763238,-0.0157777974398684,0.100591757015877,0.0695533510524665,-0.221024943731116,-0.0426370386422848,-0.00030898363242477,0.0236628066177867,-0.144495010380871,0.00566848170288726,-0.267691431912826,-0.267870614292465,-0.138753953261823,-0.0759025891256741,-0.070880015236322,-0.0848879692541293,-0.0794019338856372,0.097489566418501,0.0933481384335359,0.246633867626907,-0.0589426468576639,0.111235321745239,0.0349118773873263,-0.0127760201094478,-0.0159087492039222,0.271644547688388,0.265337237524373,-0.0776327443074464,0.145513261897603,0.178570149204474,0.0347193792317159,0.189100720928194,0.187836246158536,-0.0724161857222247,0.0815159054252823,0.0896747990573697,0.158137616738887,-0.10244274343637,0.0355852337090669,0.0506020066966397,0.0131674915608758,0.134828194886891,0.0293285287822806
"8",0.0291264747267012,0.0545660686355424,0.0891743724134773,0.110655044208267,0.201925271718781,0.0807460951990778,0.0321838634520284,1,0.163202060841836,-0.0780209814598323,0.0349695244152638,0.0596786350545142,-0.156897279468303,-0.151503360371366,-0.092533883177589,0.0926965985759491,0.0147839374949176,-0.12016074029254,0.145202034364289,0.0500991165245117,0.0129078093890802,-0.0505665996830584,0.162605506747965,-0.0117411579152234,0.0989293978474742,0.0438303527581718,0.0683163364528314,-0.0845387652758378,-0.0475190217356652,-0.101259981785707,0.138168790188312,0.0282283349367933,0.155103931074468,-0.120826788115171,0.0257412222437615,0.38510633102653,0.207048380803469,0.263360351805799,-0.00026466879399935,0.118588692807955,-0.0675395793853706,0.0478318184958634,0.163085734031408,-0.0636009373490236,-0.0270668228205087,0.0409855102034749,-0.112039451474035,-0.0681613705078605,-0.173689047542154,-0.107752991814083,0.107726130683423,0.0954141420853618,0.00976246156329264,0.0503964347896828,0.305916505584056,-0.00577797183512136,-0.188187510857861,0.0071321937470488
"9",0.352955003169225,0.22867442238983,0.00536229863142286,0.279851198911261,0.0582649954578561,0.075796010771685,-0.0394389033787022,0.163202060841836,1,0.180226948721856,0.0491123654232647,0.218067086511758,-0.0689310122511361,-0.0421299896051484,0.0977798905133176,0.0836488909128865,0.167646303092513,-0.143346741405981,0.199252440160907,0.053765967264262,0.104114571290309,-0.00047458368246733,-0.238782074035773,-0.126119410026826,-0.169879748023694,0.143154694974683,0.0780614782145449,0.119660487605488,0.149668076242994,0.112583808513269,0.220664143289801,-0.00882058274560018,0.10406741064328,0.225792623938409,-0.0372712282443498,0.151829417158696,0.00774047064956535,0.162434441553307,0.0841594667444305,0.0612168007593897,-0.227991546450856,-0.13581242669364,0.236829790797182,-0.104625893017729,-0.0786624439912404,-0.00717205745916928,-0.213992804327326,-0.172166765578441,-0.191135235964575,-0.0390246805492336,0.144308895922875,0.179208802469613,0.00957219831802586,-0.094556534320761,0.0837000158599346,-0.205141334787911,0.00720047060409033,-0.152436039372927
"10",0.308192800327446,0.440645166072626,0.120693716234953,0.15873309393597,-0.125882770019135,0.0841383104659254,0.00932603094491293,-0.0780209814598323,0.180226948721856,1,0.165817615678112,0.191628623709221,-0.0437504599514277,0.2670711433861,-0.0189370972853505,-0.0377581029619773,-0.0329761801127782,0.0845624108972685,0.22500584143466,-0.0132143298421852,-0.115425292786735,0.1301574832886,0.00670062642211337,-0.0444910231970782,-0.0480448981104889,-0.068471512124815,0.0636328635385918,0.197146606338219,0.208091941012082,0.206336936531589,-0.0448517456203398,0.313127992703966,0.182942234110703,0.235324464788772,0.00407531782435573,0.0120849698609798,0.033856426907465,0.189685883487095,-0.207278876204286,-0.165150507473964,-0.327966427389446,-0.144465690293074,-0.00432704813538777,0.23864340020629,0.00039019426989059,0.029017400249786,-0.205505589702053,-0.173214106750873,-0.104385325693732,0.1567284681881,0.0710856181341825,0.143247146259711,0.0284276028528975,-0.0786642704378513,0.0207791659035712,0.0890114726692958,-0.1098679800526,-0.0220111765754283
"11",0.371990033175324,0.381032882407284,0.342717768035408,0.142488935265974,0.0311725520215889,0.122531322173666,0.190879763133208,0.0349695244152638,0.0491123654232647,0.165817615678112,1,0.255892162803859,-0.0378700216021073,0.0818290339831611,0.265096305857261,0.288867248809662,-0.0420202019205837,-0.0187843975665155,0.0436114925467534,-0.0549485555781171,0.00921138044759772,-0.0197787181659411,-0.0589989628849746,-0.141091321147804,0.151442098332298,-0.020361937210993,-0.0920541792464128,-0.0134889611924186,0.141333660909674,-0.110057386970549,0.0276305634568913,0.0476136752989849,0.2272265834905,0.232926083230524,0.185156803666002,-0.0525631303908543,0.0644515511748879,0.220382452627341,0.104762437992207,0.174412591566928,-0.0722476007520089,0.00084878918324506,-0.258075617611341,0.014264029451487,0.178068923197665,-0.101827958639249,-0.0198923783632133,0.118011287637334,-0.0220637163859959,0.0564288682211417,0.257262269358873,0.334868632127258,0.189829002826071,-0.121794143721678,0.178195389748205,-0.0688678645330964,0.0207537329380123,-0.0904589252212308
"12",0.211720671585468,0.239433664385716,0.210052488276729,0.208820317038079,-0.198357730024249,-0.0605954319390122,0.0766258694625828,0.0596786350545141,0.218067086511758,0.191628623709221,0.255892162803859,1,-0.0491766472923163,0.120501847320815,0.0211934628887518,0.191626842655308,-0.0555587639598964,-0.202228309001641,0.210145399210838,0.00126513527950438,0.178871799602469,-0.134784831408153,-0.0498902312113299,0.0433877373447013,0.0100570163262835,-0.109901295977131,0.0466949496271569,0.24771654947782,0.0396041269440609,-0.0571818353125386,0.215443196903802,0.169292238355679,0.119877490621747,0.229960299666987,-0.0047887155821662,-0.0214587427494309,0.200265410626249,0.207393103081776,0.0490259469371759,-0.0218303264729955,-0.22731427543439,-0.14808471139483,0.0455741518143713,0.133856441614564,0.0524781478765417,0.135120048008951,-0.0848142314373777,0.00501503391874675,-0.0969831509867152,0.0479075583766253,0.142283016692352,0.148036017278313,0.184184694553794,0.0267013661116451,0.0797450817701404,-0.13339724675611,-0.0326393675450789,-0.210965586192621
"13",-0.0397097720675282,-0.147881733329337,0.12681857094553,0.105531136089684,-0.0635943244117208,-0.17159823734423,-0.152686574701203,-0.156897279468303,-0.0689310122511361,-0.0437504599514277,-0.0378700216021073,-0.0491766472923163,1,0.192191081613856,0.0083631645615131,-0.11556347140796,0.222848961395007,0.16570667349008,-0.236014473554698,0.1202902984004,0.139884966539522,0.0142579053208771,-0.00922576324169041,0.0140058837332046,-0.011527535313639,0.179555845391506,0.145287700925056,0.127391476091842,0.24785871671671,0.105999661267318,0.0191528267586534,0.023380442221491,0.109445285460372,-0.0586780076571514,-0.109487586013993,-0.0170455542199383,-0.0675173915920394,-0.0860523108900422,0.104573930798023,-0.0283097084447421,0.0965329903275747,0.0931803032511265,0.00097158447745183,-0.0939609790838477,-0.109227499347034,0.0316267948507761,-0.021241484027835,-0.0511379952639483,0.545786800962555,0.260215982864004,-0.146685987765553,-0.0260616131891083,-0.0411258895221425,-0.0934651484954645,-0.162120700606836,-0.262205646879068,0.0198022149554974,-0.0600312979535646
"14",0.141953828211634,0.0736246167862648,0.150158268420055,0.0767945162578235,-0.0915395865530326,0.047539731812687,0.00243874558562157,-0.151503360371366,-0.0421299896051484,0.2670711433861,0.0818290339831611,0.120501847320815,0.192191081613856,1,-0.0583649788853593,-0.0982428457712386,0.103386319776602,0.327486814879287,-0.0956662420041528,0.0830493602509152,0.0479346724326436,0.15901840698055,-0.170269068830764,0.0339776987715015,-0.0175703999497591,-0.18322295901525,0.168627435004618,-0.0240149283370286,0.111715183476864,0.039863430898064,-0.0331964155421129,0.243208664798451,-0.0238072358087915,0.0600465045297166,-0.0863331728546992,-0.117636466329275,-0.15241127448982,-0.0489647942075248,-0.085006394400388,-0.13812770547497,-0.0883567478025322,0.13253167507421,0.00710421690544642,-0.0708275750049395,-0.048164420472998,-0.0348373589597189,-0.145632228253371,-0.0993436296995824,0.108907300138036,0.720989973844795,-0.0457817007866432,-0.0961522275666632,0.0772665250753051,-0.0959040392713766,0.0776239669927091,0.0813668682826252,0.0472216915144183,0.0143425282855564
"15",0.103672727522256,0.151392300061649,0.163756090950996,0.0595914323801246,-0.00701816723052971,-0.14721638440954,0.0513939380648253,-0.092533883177589,0.0977798905133176,-0.0189370972853505,0.265096305857261,0.0211934628887518,0.0083631645615131,-0.0583649788853593,1,0.104442124936458,0.091765821146989,0.0785814350682649,0.09622933500091,-0.0269163359621639,-0.0932021628217187,-0.105011180435629,-0.0436343098950741,-0.0900732893597133,-0.0795350033090902,0.129667582295087,-0.102227974680229,0.00083990494603276,-0.0186977891194046,-0.189773845777971,0.0743496458193844,-0.0595155321722422,-0.0328316184837669,0.200575307826903,0.203383690551476,-0.0974852434062018,0.146932316090771,-0.0244843931575626,-0.0487258487451538,0.0206757035431817,-0.128977917444791,0.0442368577292826,-0.32754602300993,-0.197270785702188,0.106746899991783,-0.0392581185952477,-0.0614774846647514,0.171192380174948,-0.0358786871467215,-0.0257025316260702,0.292434138893906,0.337075714644657,0.120024938465422,-0.0519847662336079,0.063443858871787,-0.318233735719499,-0.0341575695394121,-0.0495566591570236
"16",0.146757352459499,0.0726881931667308,0.267381573951562,0.26989086511795,0.0568739860833562,0.0627141694324372,-0.0146853387763238,0.092696598575949,0.0836488909128865,-0.0377581029619773,0.288867248809662,0.191626842655308,-0.11556347140796,-0.0982428457712386,0.104442124936458,1,0.00357438171659629,-0.124389377039378,0.209872718631652,0.0214020797172918,0.0519476875318147,0.0771610980494063,-0.129898944759759,0.0323069925222146,0.0968769445960605,0.176563569195271,-0.0907443873662316,-0.100092713903968,-0.0168719699863665,-0.201775602607888,0.0371356620180706,-0.03981673841785,-0.0684115962145003,0.047819990053011,0.090211961346963,0.161951337878112,0.124216509814041,0.244218030999513,-0.0213585573035404,0.194758712346314,-0.154445545524478,0.061214182234137,-0.109166932770055,0.0810005036858058,0.188262442468246,-0.176183750954832,-0.0573987733871107,0.137391575756395,-0.202532652864631,-0.129450353006467,0.0786925594319512,0.133340833282742,0.032841325375367,0.107832792597104,0.145032686174132,0.135766960963927,0.0447586912418888,0.0733913640869867
"17",0.238917527045064,0.0702922149600883,-0.00460957004255863,0.101230543894435,0.0830777645017094,-0.0453915774653312,-0.0157777974398684,0.0147839374949176,0.167646303092512,-0.0329761801127782,-0.0420202019205837,-0.0555587639598964,0.222848961395007,0.103386319776602,0.0917658211469889,0.00357438171659629,1,0.433638163226909,0.15052560841965,-0.0460343188535293,0.0615609822149854,0.279358936283432,0.144298431858389,0.0421367797493636,0.12094097635581,0.276993600096211,-0.154657638734624,0.0974059157856756,0.229980754273015,0.198713018202075,0.300629701629778,-0.0746735122818759,0.174816459072952,0.198783626632016,0.0809129320398806,-0.0223146234511298,-0.100136920487504,0.0152909541494471,0.19979864776363,0.148039567800759,-0.0229026225111576,0.0048457060850287,-0.105187421267105,-0.321615216391753,-0.10514612753087,-0.303187573807114,-0.129299267786295,-0.188287858445982,0.248150835473015,0.0196817110115596,0.0800789440198525,0.179466766513053,-0.0111287384421407,-0.0580541507081982,0.0573144365504643,-0.176784528706706,-0.0408588110103902,-0.0783860759968277
"18",0.201551137985147,0.0829507816410556,0.00522913132897724,-0.0382469117186928,-0.0328348269894061,0.0262290154556051,0.100591757015877,-0.12016074029254,-0.143346741405981,0.0845624108972685,-0.0187843975665155,-0.202228309001641,0.16570667349008,0.327486814879287,0.0785814350682649,-0.124389377039378,0.433638163226909,1,0.0258645155416182,0.0261053512359174,-0.108366573996562,0.0892462958711904,0.174529648405999,0.0304615652594043,0.180143094669996,0.0679686887606494,-0.137595274078607,0.00942715514774279,0.0473713956965748,0.123652654678296,-0.0108544011906537,0.0781122590688691,0.0703553673646594,0.0551580208867686,0.107091000232112,-0.20983054318453,-0.0513051575492477,-0.16670790722728,-0.00359963212144248,0.0872697175672391,0.144511821236237,0.241824964784598,-0.0970804321689592,-0.173413936175394,0.0587335144355283,-0.152298863601634,0.0621835611195275,-0.0156110760480642,0.197341767257629,0.277037925979298,0.0297719727059891,0.0259842495557082,0.0454019028038074,-0.0757993267124057,0.0666969969361743,0.025347146454831,-0.0683868564303431,0.0217031163901157
"19",0.190922239466395,0.252952818070983,0.162240775585318,-0.0111075033448292,0.0581801211785768,0.176425663394078,0.0695533510524665,0.145202034364289,0.199252440160907,0.22500584143466,0.0436114925467534,0.210145399210838,-0.236014473554698,-0.0956662420041528,0.09622933500091,0.209872718631652,0.15052560841965,0.0258645155416182,1,-0.0356307673512211,0.0163006488017501,0.0592384527589728,0.109342426300172,0.0097590366760321,-0.237864000615124,0.0949192334917056,-0.175251298328793,0.125630149308002,0.198909815583102,0.120373044636336,0.483025805537136,0.1786095196011,0.163968040916114,0.279836101815504,-0.0435338237588336,0.204333002940234,0.106216216053622,0.0675487451448623,-0.143523186861519,0.00032856780601272,-0.366068938608594,-0.137391892111329,-0.0760697920826629,0.0918170973016995,0.105523176944286,0.0250669584302644,-0.0663885833627328,-0.0579996372653448,-0.312483375886044,-0.0777196366464175,0.261829620768172,0.335114219337816,-0.0545382592110759,0.00839343080976244,0.145556231130279,0.0641778311226789,-0.153843405174233,0.175092949460412
"20",-0.105348255960124,-0.0512606715379332,0.128648398164707,0.055705157544656,-0.141597330200721,-0.00346707454202873,-0.221024943731116,0.0500991165245117,0.053765967264262,-0.0132143298421852,-0.0549485555781171,0.00126513527950438,0.1202902984004,0.0830493602509152,-0.0269163359621639,0.0214020797172918,-0.0460343188535293,0.0261053512359174,-0.0356307673512211,1,0.0117857096715679,-0.138792367990896,-0.226304679971286,-0.108927374372869,0.176824411316969,0.108807548645056,0.389533292656668,0.0301657749437277,0.121245719621637,0.103424602468517,-0.000150480032462,0.388675167907979,-0.0899999024721217,-0.0716744474589145,-0.137689280332682,-0.0174293184249982,-0.0260851917903971,-0.0757394750579827,0.0408667596340178,0.0393508807019878,-0.103242656946387,-0.0923756361353504,-0.015867145633056,-0.00807830136913927,-0.121328756549536,0.0504859918952425,-0.00274498574909309,-0.069529890759975,-0.107182946743421,0.14231069651053,-0.0688714475601699,-0.0907359986335591,0.196571837889874,0.195184624207306,0.0146889236945913,0.0429341672690615,-0.122147612397192,-0.246549688101323
"21",-0.0424943489593915,-0.0781718324280919,0.0262831002338339,-0.0784881399052638,-0.210066885636871,-0.0129957228449097,-0.0426370386422848,0.0129078093890802,0.104114571290309,-0.115425292786735,0.00921138044759772,0.178871799602469,0.139884966539522,0.0479346724326436,-0.0932021628217187,0.0519476875318147,0.0615609822149854,-0.108366573996562,0.0163006488017501,0.0117857096715679,1,0.0654422581103758,0.0315021265043063,-0.0309690116282693,0.0376268631729679,-0.104342585891477,0.13322037105743,0.108270609520769,0.182215246484357,0.027413937325737,0.0632312056418091,-0.0408645399857614,0.00608995513974864,-0.150167372790227,-0.0442310060731715,-0.0601224763214294,0.0458189990965504,0.0922786584788937,0.125617482627824,-0.0285982850866871,0.00373291283865635,0.101278456974281,0.202852531576549,-0.0768432079489322,-0.162698433552821,-0.0610671781818053,0.0169062961734745,0.0643977032583149,0.149522153577378,0.00822190819099913,-0.137908872486331,-0.14886491138141,0.0195588168388842,-0.101504968492189,-0.0646516006947973,-0.149270295033716,-0.114703220648589,0.0428831158317951
"22",0.0842918097968305,0.199489732945068,0.041934941723199,0.0542986937085232,0.038159194238166,0.103136627771278,-0.00030898363242477,-0.0505665996830584,-0.00047458368246733,0.1301574832886,-0.0197787181659411,-0.134784831408153,0.0142579053208771,0.15901840698055,-0.105011180435629,0.0771610980494063,0.279358936283432,0.0892462958711904,0.0592384527589728,-0.138792367990896,0.0654422581103758,1,0.105566422285874,0.131431075733347,-0.0203291155379144,0.099866269380478,0.0409394293132721,0.116363613789808,0.213181159650578,0.197170881119111,-0.0680520674575795,0.00404150701949971,-0.01723054849143,-0.0194542946043273,-0.0395517778768039,-0.012122329809814,0.0627274974534666,0.0762498766478421,-0.0143330056908167,0.0638664806350633,-0.115889158055472,0.0225960185997792,-0.0253328661060803,-0.0488667129041784,-0.112113821644692,-0.302837560515514,-0.167514860863108,-0.247047785763592,-0.156730284795539,0.186940631894467,0.0300826474954578,0.121451680169687,-0.0783381821796832,-0.161643378265139,-0.13951613279747,0.142719570286197,-0.10272718745059,-0.0738813943383597
"23",0.0487236602597737,-0.110926374581776,-0.0922980926706359,-0.0541139152542867,0.0683671741130856,0.0658250627364157,0.0236628066177867,0.162605506747965,-0.238782074035773,0.00670062642211337,-0.0589989628849746,-0.0498902312113299,-0.00922576324169041,-0.170269068830764,-0.0436343098950741,-0.129898944759759,0.144298431858389,0.174529648405999,0.109342426300172,-0.226304679971286,0.0315021265043063,0.105566422285874,1,0.362909177776897,0.0860765251698668,0.0687131212647201,-0.186800029516705,-0.14698289751367,-0.108830342223831,-0.0961397645721975,0.0354059401165839,-0.061089797015511,0.0715413265592012,-0.00520064799983218,0.0139562762195303,0.0164656406048746,0.222413852024055,0.173103146355467,0.0533217273260213,0.0673349543720003,0.0304034834360141,-0.032395870736926,-0.0420916225138882,-0.0858069166898859,-0.239682782773153,-0.137240357274982,-0.0225357224337836,-0.0451226347656497,0.0584475405876942,-0.214074573749799,-0.0865696108269751,-0.0109239663231089,-0.0569206705788973,0.0584215310760813,0.0945001535047946,-0.0196136042718246,-0.171218679814518,0.301491336004419
"24",-0.149481851928778,-0.115599240234766,0.0218196400183587,-0.0317615761057921,0.273964375834931,0.0717489061080239,-0.144495010380871,-0.0117411579152234,-0.126119410026826,-0.0444910231970782,-0.141091321147804,0.0433877373447013,0.0140058837332046,0.0339776987715015,-0.0900732893597134,0.0323069925222146,0.0421367797493636,0.0304615652594043,0.0097590366760321,-0.108927374372869,-0.0309690116282693,0.131431075733347,0.362909177776897,1,-0.0224716322782349,0.0665540805961257,-0.0047089913793058,0.0516900837057397,-0.160509972689547,-0.197966611072346,-0.0704918872810437,-0.0173299168103654,-0.16076534709251,-0.0391667607474657,-0.151213572810468,0.146748667699777,0.0586024651863835,0.203103831264364,0.155073296344877,-0.0435004864780415,-0.0438709860517666,0.0317943859412095,-0.0518723485682648,0.0556000839742806,-0.0366680779188832,-0.0568169183840148,0.0862154416173646,0.0279423820573072,-0.109933030403214,-0.0720313622785649,-0.156685006233944,-0.156663052327637,0.0738879708703696,0.046409367218157,0.0168856408555896,0.0425650209715338,0.119455583714602,0.106724576205763
"25",0.0825634001706668,0.0424612415662551,0.0826426191051906,-0.0153288180066636,-0.0625973200256936,-0.103410910127795,0.00566848170288726,0.0989293978474742,-0.169879748023694,-0.0480448981104889,0.151442098332298,0.0100570163262835,-0.011527535313639,-0.0175703999497591,-0.0795350033090902,0.0968769445960605,0.12094097635581,0.180143094669996,-0.237864000615124,0.176824411316969,0.0376268631729679,-0.0203291155379144,0.0860765251698668,-0.0224716322782349,1,0.0557378497141546,0.103915063638527,0.101476295457568,0.14471498524251,0.0216842205158269,-0.135250126416036,0.0617914919813843,0.0568710972970169,0.00605328846075101,0.248988276498611,-0.0645892676396502,0.133803241122133,0.0559119104396222,0.0997799002861023,0.0158902970699685,0.253687459052529,0.0790337041094451,0.0709364555690616,-0.0641292897766198,-0.00532655265659704,-0.0512674831975725,0.141786200299968,0.214994959772912,0.155153071567416,-0.0314980564867157,-0.00812633593646525,0.0104287432481227,0.107684078789681,0.0959985521134247,0.174069886501029,0.0925548944222831,-0.166807763396145,-0.0535956186866066
"26",0.212407863689655,0.0329697738990887,-0.00386471492086503,0.216740566524675,0.0250287166216525,-0.0606322771563401,-0.267691431912826,0.0438303527581718,0.143154694974683,-0.068471512124815,-0.020361937210993,-0.109901295977131,0.179555845391506,-0.18322295901525,0.129667582295087,0.176563569195271,0.276993600096211,0.0679686887606494,0.0949192334917056,0.108807548645056,-0.104342585891477,0.099866269380478,0.0687131212647201,0.0665540805961257,0.0557378497141546,1,-0.00519897884354881,0.130915280088149,0.07310430302141,-0.106864393516301,0.0464972570293949,-0.0756738853068398,0.118939839016052,-0.0133777974096933,-0.0162540347046338,0.288073961812837,0.0337824953554303,0.038108510050872,0.170190879647689,0.0657431525189528,-0.245620882327988,-0.207692414038332,-0.123971481000793,-0.096157619445273,-0.135647338878919,-0.144801539592282,-0.168866648858096,-0.164736207748162,0.0301061241307525,-0.159554750062417,0.287621570164401,0.19353376377853,-0.102548952389411,-0.0238250760391611,0.192901786637841,0.0217800935993748,0.00265740773389758,-0.0182038497151576
"27",-0.181488942698737,0.0694566827410641,-0.104040137648426,-0.0871961860215336,-0.0661204701163997,-0.22886231146946,-0.267870614292465,0.0683163364528313,0.0780614782145449,0.0636328635385918,-0.0920541792464128,0.0466949496271568,0.145287700925056,0.168627435004618,-0.102227974680229,-0.0907443873662316,-0.154657638734624,-0.137595274078607,-0.175251298328793,0.389533292656668,0.13322037105743,0.0409394293132721,-0.186800029516705,-0.0047089913793058,0.103915063638527,-0.00519897884354881,1,0.226900449092191,0.408428488151349,0.22172986237835,-0.0900068581208115,0.256107524226763,-0.106778392121428,-0.201671696804084,-0.0890718629621002,0.0416730823632247,0.0558411980398933,-0.00977874953156017,-0.0102729567329767,-0.0560597415535492,-0.118255215759925,-0.080116224225084,0.206383055641585,0.0262862983764123,-0.0546990312674073,0.0176451363267052,-0.175849021737876,-0.171901965869129,0.125075712951589,0.172434560435523,-0.07174854812657,-0.0596980206821292,0.0480554383934836,-0.0291125579066844,0.0771831692503991,-0.00157228827041412,-0.191958859023406,-0.140493049513763
"28",0.0719127813658493,0.185267421707445,0.0244357321427294,0.0391471333979517,-0.165857869187625,-0.073104078936561,-0.138753953261823,-0.0845387652758378,0.119660487605488,0.197146606338219,-0.0134889611924186,0.24771654947782,0.127391476091842,-0.0240149283370286,0.00083990494603276,-0.100092713903968,0.0974059157856756,0.00942715514774279,0.125630149308002,0.0301657749437277,0.108270609520769,0.116363613789808,-0.14698289751367,0.0516900837057397,0.101476295457568,0.130915280088149,0.226900449092191,1,0.50408972503676,0.390427312326585,0.0770188897897501,0.280167053978635,-0.0385789964224489,0.11156878171086,-0.0150056251690521,0.07819974698137,0.0113729105160717,-0.0492181083257323,0.00207810866699556,-0.193840811197864,-0.0959500295350565,-0.15761067339904,0.104577536333663,0.107034471663601,-0.0173193781190001,-0.01070326951809,-0.105861010814478,-0.285537620492038,0.225607209326625,0.0362655131698567,0.0939937860570362,0.134533722572857,0.0816345621801128,0.0136692059721615,-0.089634709332542,-0.0915128666185248,-0.150194205168747,-0.30769160652228
"29",0.096861897734265,0.1859543119847,0.0764931596053506,-0.00197126386983094,-0.143079608780134,-0.197607482128699,-0.0759025891256741,-0.0475190217356652,0.149668076242994,0.208091941012082,0.141333660909674,0.0396041269440609,0.24785871671671,0.111715183476864,-0.0186977891194046,-0.0168719699863665,0.229980754273015,0.0473713956965748,0.198909815583102,0.121245719621637,0.182215246484357,0.213181159650578,-0.108830342223831,-0.160509972689547,0.14471498524251,0.07310430302141,0.408428488151349,0.50408972503676,1,0.392966190762788,0.136398937003505,0.192942017317314,0.0635182973077157,0.0349152040267396,0.0480685536081566,-0.0153547796003505,-0.00718647262752789,-0.0830694868628895,0.0164083790141875,0.0390619764994443,-0.0830441305146346,0.0603809758382021,0.102932362963376,0.00945437083384404,0.0618261331376981,-0.177091428477943,-0.0728467567010137,-0.225924433719674,0.220685144424421,0.152648885885346,0.134400136296395,0.303027900783245,0.0373058279697724,-0.0754739631556274,-0.0165524472366505,0.00311671513371722,-0.249163895187276,-0.270687655030471
"30",0.0867191557913837,0.157746812560475,-0.0960093432928851,-0.00644092150305207,0.0305508615359491,0.00841158691309691,-0.070880015236322,-0.101259981785707,0.112583808513269,0.206336936531589,-0.110057386970549,-0.0571818353125386,0.105999661267318,0.039863430898064,-0.189773845777971,-0.201775602607888,0.198713018202075,0.123652654678296,0.120373044636336,0.103424602468517,0.027413937325737,0.197170881119111,-0.0961397645721975,-0.197966611072346,0.0216842205158269,-0.106864393516301,0.22172986237835,0.390427312326585,0.392966190762788,1,0.151600000331133,0.177590227888634,0.117478160360999,0.103023919344798,-0.125136835725673,-0.0662174692807025,-0.116824858160183,-0.19822990965425,-0.0403043478450876,-0.0687145670806389,-0.0571476538624664,-0.0461695788461867,0.00137747714136429,0.177332201850857,-0.201990387731671,-0.051086888807306,-0.0982904084152822,-0.193771007376521,0.142455418854208,0.233841012194558,-0.0901651225154771,0.00237770290837821,0.039160454548368,-0.00164915439940422,-0.0912725168383673,0.110503867889788,-0.103442053816974,-0.0453307757853825
"31",0.204731570964212,0.173497261418428,0.0711421673065839,-0.0284957739875791,0.0372779669351868,0.116206418616152,-0.0848879692541293,0.138168790188312,0.220664143289801,-0.0448517456203398,0.0276305634568913,0.215443196903802,0.0191528267586534,-0.0331964155421129,0.0743496458193844,0.0371356620180706,0.300629701629778,-0.0108544011906537,0.483025805537136,-0.000150480032462,0.0632312056418091,-0.0680520674575795,0.0354059401165839,-0.0704918872810437,-0.135250126416036,0.0464972570293949,-0.0900068581208115,0.0770188897897501,0.136398937003505,0.151600000331133,1,-0.0332593823808321,0.234628745797757,0.26892793419741,0.0239556876429922,0.124237689237396,0.0913205345126703,0.0349435732226546,-0.0857448719564157,0.0878129458246013,-0.166447034045834,-0.193252713038366,-0.0843249426341812,-0.164098795637195,0.173765662502402,0.0229719008196042,0.00857335297832237,0.00199006606902705,0.0697261763052092,-0.131546892122546,0.125817017743629,0.269500052796331,-0.0166844133418949,-0.0937625042358238,0.193929833718748,-0.103884698406132,0.00711110591307517,0.126927092355924
"32",0.00479087660300746,0.0987655521123885,0.0981916405366818,0.0537020757869445,-0.211406859408951,0.0493172675158135,-0.0794019338856372,0.0282283349367933,-0.00882058274560018,0.313127992703967,0.0476136752989849,0.169292238355679,0.023380442221491,0.243208664798451,-0.0595155321722422,-0.03981673841785,-0.0746735122818759,0.0781122590688691,0.1786095196011,0.388675167907979,-0.0408645399857614,0.00404150701949971,-0.061089797015511,-0.0173299168103654,0.0617914919813843,-0.0756738853068398,0.256107524226763,0.280167053978635,0.192942017317314,0.177590227888634,-0.0332593823808321,1,-0.0264842000082607,0.189342561049616,-0.048181910672702,-0.0472700712499639,0.059722425210014,0.0821923751639664,-0.174599112495862,-0.177690020061855,-0.0243348801670584,-0.112885818431474,-0.0626990205882366,0.0717406655467577,0.143744165840235,0.150207106989861,-0.0284104635013859,-0.154735206542699,-0.0337833156465472,0.234192577592952,-0.0302981046178338,-0.121069344183117,0.132519951154516,0.0485685456312519,-0.0483428541941031,-0.0624652808395372,-0.0732489779714658,-0.141040557025148
"33",0.202274356949926,0.0715188817042048,0.0768890127761512,0.105268927609345,0.00545514133412301,0.131535865596054,0.097489566418501,0.155103931074468,0.10406741064328,0.182942234110703,0.2272265834905,0.119877490621747,0.109445285460372,-0.0238072358087915,-0.0328316184837669,-0.0684115962145003,0.174816459072952,0.0703553673646594,0.163968040916114,-0.0899999024721217,0.00608995513974864,-0.01723054849143,0.0715413265592012,-0.160765347092509,0.0568710972970169,0.118939839016052,-0.106778392121428,-0.0385789964224489,0.0635182973077157,0.117478160360999,0.234628745797757,-0.0264842000082607,1,0.0502551028935116,0.0884690774925528,0.13507684539635,0.167241273049892,0.0724450452616938,0.160552587686038,0.146498240038774,-0.0471289308176517,-0.188692520159805,-0.033218221604865,-0.0929609556091151,-0.0786423199375709,-0.102633242818968,-0.0138160446533275,-0.0933133230477409,0.0320418179891783,-0.143187400674262,0.131418234718851,0.337156070405489,0.16744893045947,-0.186460741188241,0.151522506918566,-0.127107326914662,-0.00882229808274441,-0.0644459358530706
"34",0.267745405197786,0.189839847816577,0.172111197525682,0.0482232138411552,-0.0284835602451573,0.00975555732097715,0.0933481384335359,-0.120826788115171,0.225792623938409,0.235324464788772,0.232926083230524,0.229960299666987,-0.0586780076571514,0.0600465045297166,0.200575307826903,0.047819990053011,0.198783626632016,0.0551580208867686,0.279836101815504,-0.0716744474589145,-0.150167372790227,-0.0194542946043273,-0.00520064799983218,-0.0391667607474657,0.00605328846075101,-0.0133777974096933,-0.201671696804084,0.11156878171086,0.0349152040267396,0.103023919344798,0.26892793419741,0.189342561049616,0.0502551028935116,1,-0.0484691062361712,-0.129724308937626,0.0149245166523085,0.0424697602051277,0.0303682245569744,-0.0389694867155181,-0.210532229955317,-0.280968210854883,-0.120854481487044,-0.0390325598015663,0.0232891397733427,0.0297721156428015,-0.20198163360422,-0.0648912968299848,-0.0019726870224616,-0.0234408417690881,0.163448754140404,0.200212094563152,0.00760695467383306,0.0777616641107471,0.0431685602889447,-0.0592968999830021,0.0360787109954303,0.0145692878644449
"35",0.0797551356950315,0.225001692435474,-0.101944553480909,0.170898487295445,-0.06020897078114,-0.0136315230601711,0.246633867626907,0.0257412222437615,-0.0372712282443498,0.00407531782435573,0.185156803666002,-0.0047887155821662,-0.109487586013993,-0.0863331728546992,0.203383690551476,0.090211961346963,0.0809129320398806,0.107091000232112,-0.0435338237588336,-0.137689280332682,-0.0442310060731716,-0.0395517778768039,0.0139562762195303,-0.151213572810468,0.248988276498611,-0.0162540347046338,-0.0890718629621002,-0.0150056251690521,0.0480685536081566,-0.125136835725673,0.0239556876429922,-0.048181910672702,0.0884690774925528,-0.0484691062361712,1,0.0143133257247245,0.17419218187551,-0.00618033891444861,0.0236039345588024,0.0557112052409446,0.0659830055966862,0.120918979035392,-0.065926782169645,0.0283585885078858,0.283462901029808,-0.111138734743258,0.105522520057544,0.152240180490535,0.0490255546816169,-0.0447270094649492,0.165482203711282,0.215726811040176,-0.0465433648620635,-0.179258748121758,0.160788909572256,-0.104121836873642,-0.0148800042685141,-0.00866772883704895
