"","l_Insular.Cortex","r_Insular.Cortex","l_Amygdal.Area","r_Amygdal.Area","l_Bed.Nucleus.of.the.Stria.Terminalis","r_Bed.Nucleus.of.the.Stria.Terminalis","l_Hippocampus","r_Hippocampus","l_Orbitofrontal.cortex","r_Orbitofrontal.cortex","l_Entorhinal.Cortex","r_Entorhinal.Cortex","l_Frontal.Association.Cortex","r_Frontal.Association.Cortex","l_Globus.Pallidus","r_Globus.Pallidus","l_Glomerular.Layer.of.the.Accessory.Olfactory.Bulb","r_Glomerular.Layer.of.the.Accessory.Olfactory.Bulb","l_Glomerular.Layer.of.the.Olfactory.Bulb","r_Glomerular.Layer.of.the.Olfactory.Bulb","l_Granule.Cell.Level.of.the.Cerebellum","r_Granule.Cell.Level.of.the.Cerebellum","l_Hypothalamic.Region","r_Hypothalamic.Region","l_Entorhinal.Cortex","r_Entorhinal.Cortex","l_Vermix.Molecular.Layer.of.the.Cerebellum","r_Vermix.Molecular.Layer.of.the.Cerebellum","l_Lateral.Molecular.Layer.of.the.Cerebellum","r_Lateral.Molecular.Layer.of.the.Cerebellum","l_Anterior.Olfactory.Bulb","r_Anterior.Olfactory.Bulb","l_Posterior.Olfactory.Bulb","r_Posterior.Olfactory.Bulb","l_Subiculum","r_Subiculum","l_Perirhinal.Area","r_Perirhinal.Area","l_PreLimbic.System","r_PreLimbic.System","l_Primary.Cingular.Cortex","r_Primary.Cingular.Cortex","l_Primary.Motor.Cortex","r_Primary.Motor.Cortex","l_Retrosplenial.Cortex","r_Retrosplenial.Cortex","l_Secondary.Cingular.Cortex","r_Secondary.Cingular.Cortex","l_Secondary.Motor.Cortex","r_Secondary.Motor.Cortex","l_Striatum","r_Striatum","l_Ventral.Tegmental.Area","r_Ventral.Tegmental.Area","l_Substantia.Nigra","r_Substantia.Nigra","l_Thalamus","r_Thalamus"
"1",1,0.0698595601857843,0.258974241090745,0.174490392121235,0.0220654535646084,0.0967986274097412,0.386330219771372,-0.183472071277982,0.370919735259503,-0.175376329372625,0.454354850687739,-0.179701101544206,0.0542021483650601,-0.0893452654719844,0.146200981400398,-0.353851125260348,-0.0101120397548098,-0.0290377663634632,0.0427890730673895,-0.194099297332742,-0.231519967806811,0.116546427522002,0.0598664773706657,0.137503941376126,0.168646173811134,0.240468549547129,0.167202290065779,-0.1998396424176,-0.0128998032990434,-0.0173305711315184,0.260051974544473,-0.0339137924787734,0.116320742555172,-0.049836123574206,-0.0220361585660321,0.149126025716046,-0.308730866032666,0.402979660185258,-0.00184045320195781,0.0269380638410273,-0.222477155721549,-0.0662578209636509,-0.0423697610598823,-0.292567071207439,0.0785779442973611,0.241410426171337,-0.0754836666335788,0.0589666497199801,-0.188380280804038,-0.145438967203076,0.252979555408464,-0.100551130066106,0.302144798175541,0.113201112251793,-0.0104686166573584,0.0887102887041215,-0.343380969692529,0.347536305455229
"2",0.0698595601857843,1,-0.136735643736848,0.371506052662363,-0.0675976079095945,-0.102860812033754,-0.237265408602454,0.179896744700768,0.207435227891989,-0.118036450435065,-0.0768706958836463,0.350961059305944,-0.0313365734785015,0.0876520635727987,0.318680201152724,0.0255014485329027,0.0367279374473624,0.0303948705583243,-0.044098205488323,-0.104075959032042,0.100995579996014,-0.25329862469234,0.0705989481996309,0.0606847301977636,0.207266391048783,0.157090161926643,0.0517377205577186,0.0137462670802893,0.117582891654492,-0.0513380700681442,0.0522483283036069,-0.101768918070624,-0.0387161516634658,0.118889874283655,-0.167538262947566,-0.0853583703522944,0.324146243942052,-0.223077777723142,-0.0574948911329266,0.00167677128650765,0.0338133525283269,0.0681162203317829,0.0381541276817908,0.0222058491052613,0.0486729577327633,-0.0561589239587723,0.0471883821351222,0.179733150014511,0.0654862632727157,0.0913858370335084,0.164931705884542,0.490319344250168,0.0638841951206144,-0.268711307697658,-0.0850328342158146,-0.0139025509284383,0.130146466043041,0.126085600678726
"3",0.258974241090745,-0.136735643736848,1,-0.21022504600946,0.200041022887705,0.162705444477567,0.402100805089196,-0.10629136528639,0.0351409832827906,0.0878573028198156,0.404512348763334,-0.237315602297508,-0.218425091267897,-0.137136694810597,-0.283150112979637,-0.156435058286288,0.00711178546321683,-0.0607558921746866,-0.0164698973779836,-0.0698951103054282,-0.284292237357564,0.195608626184581,0.311424584618013,0.214732327933491,-0.0662637808034177,-0.0871476547995618,0.0975640925903375,0.132520751345117,-0.0990629732508922,0.0351897503824597,0.136634989618663,-0.108493064521203,-0.0838308504734054,-0.058303025505232,0.0761057778582897,0.0966362630164266,-0.414601313259629,0.100486227896923,-0.00989094166538501,-0.0351965972245208,-0.197020955511138,-0.0544406876776674,-0.0597106635206135,-0.0212737217804328,0.0696287257135815,0.0420551281092684,0.0243375946507689,-0.0277565347019634,-0.236162444004318,-0.0579103015118145,0.00697269319958856,-0.375872594046404,0.132358497438017,0.0557915223893785,0.0957149116398832,-0.11189557741359,0.00483063674240168,0.153310290252359
"4",0.174490392121235,0.371506052662363,-0.21022504600946,1,-0.0454374023042673,-0.191419511586074,-0.0706048808972112,-0.0784482079288812,0.134394429940137,-0.158262154706697,0.0666541221720158,0.26793072358622,-0.0504987856787215,0.0112214306857893,0.311671041280053,-0.158896799090158,-0.183859014402353,-0.193081349237014,-0.200122320707221,-0.230282297683797,0.124816148184835,-0.109609912507143,-0.0921316248620755,-0.194205239506225,0.176317993384806,0.414982804467776,0.118029093118583,-0.161879928007799,0.30325302996222,0.0429952536262707,-0.158905277101593,-0.156599430993357,-0.0721552206357618,-0.0490270499070365,-0.0903057798551555,-0.241781123813647,0.0854491023583908,-0.0372050625799511,-0.176375048594364,-0.016111549181903,0.0414570415896994,-0.073260072048873,0.0793819819720446,-0.101567393058991,0.0252341308595394,-0.0706892933870957,0.0547024066151251,0.172225131092339,0.0127984459498403,-0.100345623261545,0.058431001659539,0.195480599259607,0.0809686577926076,-0.0997866290087973,0.0163236268689159,0.106416654555972,-0.0173893431545195,0.320710524313622
"5",0.0220654535646084,-0.0675976079095945,0.200041022887705,-0.0454374023042673,1,0.264060470155701,0.0678906406523816,-0.0178952809320056,-0.118537320578769,-0.00741544244664688,0.155485510012052,-0.0318305243826607,-0.1513974670247,-0.170781619552237,0.00471318310616148,0.0501172946013298,-0.00470402699188792,-0.0884317212453285,-0.137818299061483,0.0679103971300361,0.0601182864962467,0.172486990271047,0.012006963014608,0.039424019929122,0.146960059325191,-0.10309416114605,0.00725721749009757,0.201904193508093,0.116223401290584,0.043094173711211,-0.173078213691849,0.124762588810196,0.0238546762486446,0.0949738538802782,0.070310810192912,-0.103090266098671,-0.230107548157049,-0.06426461104515,0.126495992323272,0.0121180047739438,0.0497919237733482,-0.121292020303412,0.107789390554258,0.18988874353951,-0.0383972542601031,-0.0713153638940505,0.200249392765376,0.160025591116136,0.138683058481234,-0.0651137715919469,0.127159178455361,0.0084862046260253,-0.0501264201357843,-0.00690632253753877,-0.159834435850049,0.0436037078298625,0.0647693719373919,0.00221078343003496
"6",0.0967986274097412,-0.102860812033754,0.162705444477567,-0.191419511586074,0.264060470155701,1,0.163793756224741,0.13150671842307,-0.208855785821945,0.174594138775014,0.0511280760320413,-0.0208657668182372,0.0261160575731231,0.20166951819075,-0.099471135936927,0.165707016008911,0.16312243712737,0.228445772718965,0.217616441762984,0.16646686851357,-0.105517091043158,0.0672711654980403,-0.111556159622578,0.0140112128368756,-0.0876560418863868,-0.14934509418933,0.158222738629677,0.022127006205417,0.119118528267335,-0.050622207882355,0.145516930300067,0.329018432836744,0.101334225570581,0.114293126480363,0.115996508032395,0.135534166914543,0.0585456430099352,-0.130124698284352,0.218076153360227,0.0821107612835544,-0.0600606257511544,-0.0297031671183058,-0.295748711364973,0.140953671559054,0.093365275095026,0.0894126756910639,0.165221354010506,0.187251189950016,-0.0283854318007606,0.250203369561748,0.267814427159122,0.0712815522310094,0.0734495496495627,0.126410510068651,-0.0103450748842279,0.0745026548763156,0.0972311189390385,-0.240330350193692
"7",0.386330219771372,-0.237265408602454,0.402100805089196,-0.0706048808972111,0.0678906406523816,0.163793756224741,1,-0.296760601748307,-0.044422240107832,-0.0566647613108679,0.613027929730467,-0.442153960424962,0.145953273082764,-0.199811104168643,-0.00337807199004066,-0.181614474177409,0.0494014732378951,0.0182083172018983,0.137375644033688,0.0625153762715631,-0.242186913578724,0.356535386070408,0.00320528295113001,-0.00081709708397437,0.0739407528098938,0.23895117097926,0.240243776734767,0.0707094844057041,0.101983285343419,-0.0251993635946196,0.298396136681725,0.222061642963644,0.324459216143481,0.146606322225204,0.445447803810039,-0.0178955087795253,-0.177973806031971,0.25071953848683,0.112786857076423,0.0501632366766845,-0.11000881970622,-0.121844373981959,-0.0686271894021182,0.179771076188753,0.242232406034955,0.0167734905251134,0.125316181190181,0.0296706887087424,-0.0894680678197934,-0.0528776250785148,0.145784559954079,-0.150755287058834,0.412077081121596,0.339975494422758,0.150902461482439,-0.00754839162344392,-0.251722204204563,0.209904303092173
"8",-0.183472071277982,0.179896744700768,-0.10629136528639,-0.0784482079288812,-0.0178952809320056,0.13150671842307,-0.296760601748307,1,0.10913538800714,0.320494677551588,-0.346270108725673,0.365021968548003,-0.0625012491560348,0.393885924952507,-0.0441429039578544,0.367330666326056,0.123746923325726,0.277521433428133,0.150888794565456,0.107492842707722,-0.0434795202132047,-0.141323262378237,0.0798548957550668,0.14454770484649,-0.147265720873599,-0.327812291769424,0.0798368958312168,0.274340806653033,-0.0733222703026909,0.148827008340201,0.16536758900379,0.214804284057351,-0.0609825535634833,0.132721474787492,-0.0806444908891977,0.338195020307255,0.287092621618541,-0.36100231962672,0.354683857866547,0.128946116723944,0.137714558091108,0.247341735748278,0.00348378633200761,0.0737934674512472,-0.0173247988307375,-0.0530348480042951,-0.087304608356114,0.0430482193472805,0.164849076150668,0.356509907720782,0.0930087932040398,0.158794202852666,-0.0108121520261506,-0.170942738352088,0.0164789807706467,0.0214972280549483,0.455949952283921,-0.0913062932167645
"9",0.370919735259503,0.207435227891989,0.0351409832827906,0.134394429940137,-0.118537320578769,-0.208855785821945,-0.044422240107832,0.10913538800714,1,0.256196619561533,0.125018759742777,0.07776814536785,0.0720082403336338,0.228385083018257,0.029989711919425,-0.15217902689959,0.154333284744218,-0.0449820263942482,-0.0308115286469172,-0.212354182798667,0.059902845153958,0.00411481402581416,0.252401176455387,0.293387725723767,-0.123519493763994,0.0970203922649816,0.0144153832906324,0.117223051836306,0.04676293423513,0.189223448562045,0.199293833856265,-0.283108182438587,-0.0872826512801355,-0.171414698933473,-0.127875767311092,0.222483580532472,0.0568009301346973,0.2513689913151,0.143834527114571,0.194522471850095,-0.0563052469566461,0.0413026068482213,0.0643156051359711,-0.11440929010039,-0.0628422210148656,0.163364339023236,-0.23333630989401,-0.100196226978835,0.0705612926556864,0.176013858997689,0.0309425133854749,-0.0722475992090596,0.0590591254811669,-0.110624507663171,0.00131761161153414,-0.0331906250966838,-0.129775228410096,0.290223551409324
"10",-0.175376329372625,-0.118036450435065,0.0878573028198156,-0.158262154706697,-0.00741544244664688,0.174594138775014,-0.0566647613108679,0.320494677551588,0.256196619561533,1,-0.276484585230797,0.121329666589774,0.171961321350494,0.418581977320772,-0.166506053149373,0.300623478281703,0.281912520319247,0.183383448272827,0.150067159501064,0.210986530590165,-0.0569195201897026,0.19748438081891,0.0201983155575335,0.128207760485865,-0.257445955364356,-0.225475099952063,-0.106016421995411,0.224280400437551,0.110972724108151,0.351664668299246,-0.0294686935367113,0.188152196225568,-0.202076044764997,-0.0807981059486918,0.237389626600249,0.0959506903558384,0.259608039638157,0.00226587897723959,0.322666728664171,0.400424384700923,0.0982955251098114,0.0471089420154551,-0.0507335497445392,0.281309090996623,-0.0663959124649515,-0.235267206872528,-0.0519817685276524,-0.162727913504121,0.329630835362064,0.46202202840338,0.0577885070047492,0.0373621234299765,0.0339128664202614,-0.00230518851131517,0.217552498038366,-0.055654199065896,0.235297458889994,-0.119361677772683
"11",0.454354850687739,-0.0768706958836463,0.404512348763334,0.0666541221720158,0.155485510012052,0.0511280760320413,0.613027929730467,-0.346270108725673,0.125018759742777,-0.276484585230797,1,-0.330233927172765,-0.0234047316563912,-0.296229197221071,-0.0152415036867126,-0.261084105316635,0.0597957596427516,-0.117100590093333,0.0419870725103287,-0.0856025269461121,-0.21637924920138,0.175602959288019,-0.00110947610910847,-0.101527843130844,0.169971689196486,0.248071139058709,0.209542912532239,0.103770198768475,0.11206939578545,-0.012022397333498,0.283224028533573,0.0260639942652327,0.210770205371991,0.0697034670578384,0.144248247190672,0.0401695288120503,-0.275909898440029,0.235595549299719,0.0642762078848609,-0.00604550274929396,-0.0543414016903609,-0.0946915262413104,0.018814280448953,-0.0418630885957507,0.171369228430355,0.223644405014715,0.0077191361153063,0.00860017859441539,-0.105492980859017,-0.172202329800194,0.0784569574682377,-0.0996534670106417,0.163426693438821,0.13821926896001,-0.0286208098049191,0.00720838559972597,-0.292966165323197,0.249778188774318
"12",-0.179701101544206,0.350961059305944,-0.237315602297508,0.26793072358622,-0.0318305243826607,-0.0208657668182372,-0.442153960424962,0.365021968548003,0.07776814536785,0.121329666589774,-0.330233927172765,1,-0.114001517332248,0.171891567173299,0.127616611762662,0.244866668759255,0.104467764529207,0.133218671041968,-0.0560139231604707,0.00846905279385577,0.263833469668967,-0.37201974820074,-0.083381374718247,-5.2467530683971e-06,0.0677880556704692,-0.0757090187271165,-0.0134900876830276,0.0354441039205919,0.0817336455660041,0.0213919811522101,-0.112989354823153,0.0463302654282958,-0.174382554941074,-0.0584982956748114,-0.0605474649880773,-0.0497223862880233,0.327582219787834,-0.350963467059187,0.0443118501562931,0.0588775206568107,0.203546286106204,0.125647814888804,0.0778552594245937,-0.0917344773523484,-0.112866389019896,-0.12703140574794,0.024919018070574,0.0284208756348313,0.296458598839858,0.212616642031821,-0.0055389537486692,0.244268986150255,-0.182709042933363,-0.263986537471083,0.0166029421830081,0.0540693268445527,0.280493709160494,0.054404986071458
"13",0.0542021483650601,-0.0313365734785015,-0.218425091267897,-0.0504987856787215,-0.1513974670247,0.0261160575731231,0.145953273082764,-0.0625012491560348,0.0720082403336338,0.171961321350494,-0.0234047316563912,-0.114001517332248,1,0.117909145999405,0.119412460283264,0.0471716860082081,0.325704723612704,0.169104672927818,0.174651298768742,0.171859530289934,-0.0146354880444711,0.0626595481988136,-0.0226479620475205,0.0513306118826546,0.0701728038764947,0.0785131010610614,-0.102368065336132,-0.0285576127189546,0.0442648006805541,0.0497932839195649,0.182258026904076,0.291546089988482,0.133246780067101,0.0720661913025753,0.132865396524748,-0.0763835926392432,0.0687297156480993,0.182614330945546,0.0475930412576882,0.132487282798584,-0.0671118990780389,-0.0429885028333204,-0.189492556101418,0.0224196141376039,0.229189016837203,0.0955056968963367,-0.0524711715846854,0.0524820409017438,0.361523255938005,0.186744132284336,0.0704159368805996,0.0971873438940793,0.131991649860283,0.126864731067839,-0.0743554312238687,-0.126694617334157,-0.186180888197378,0.11359519629932
"14",-0.0893452654719844,0.0876520635727987,-0.137136694810597,0.0112214306857893,-0.170781619552237,0.20166951819075,-0.199811104168643,0.393885924952507,0.228385083018257,0.418581977320772,-0.296229197221071,0.171891567173299,0.117909145999405,1,-0.0406676777467883,0.135188581366637,0.282235520567293,0.397894769372042,0.204043898650073,0.169832879666073,0.0976495585916674,-0.0194193750768251,0.0296142393847275,0.0748779372287354,-0.116196844095055,-0.20602248018044,0.104894121525515,0.00777338529212274,0.131559372602326,0.175608525104131,0.113802818343575,0.294730064917286,0.00902446960223445,0.0481491507402264,-0.0591900309406207,0.0802660048609053,0.293421138698253,-0.282930430276032,0.127896266705072,0.236386629755302,-0.0335660872218345,-0.0298465051161221,-0.183380355358686,0.121058790926782,0.0851474400717016,-0.095898234518859,-0.191121928046859,0.0388537509969058,0.156678198564273,0.667423477565861,0.149483794024481,0.114987742694956,0.0465418852278679,-0.0855672993065343,0.0680627732830367,0.00411675538011989,0.286515427228077,-0.0951519609211919
"15",0.146200981400398,0.318680201152724,-0.283150112979637,0.311671041280053,0.00471318310616148,-0.099471135936927,-0.00337807199004066,-0.0441429039578544,0.029989711919425,-0.166506053149373,-0.0152415036867126,0.127616611762662,0.119412460283264,-0.0406676777467883,1,-0.0481717027083708,0.0883997832619656,0.0993628649772944,-0.0191450990063412,0.00668891197870985,0.206336186447675,0.00252179947824055,-0.117258476887394,-0.0455977728872123,0.33755881568791,0.235301577584363,0.0623813341667932,-0.0325779796336637,0.0587695483571492,-0.137943812569266,0.0453055259134001,0.020562225344665,0.0821135230132857,0.0546129272051373,0.0521428132901113,-0.148554009432976,0.149721865063183,0.160129945057082,0.0867188289799801,0.10489431951327,-0.026370422427567,-0.110426531522992,0.111057882193642,-0.0458816952619989,0.139572715791569,-0.0499870148485742,-0.0219246910310809,0.119396384443301,0.0991759482702791,-0.0862220347225268,0.174641339130026,0.347259461874281,0.0612241493600632,0.0242876955342129,0.054309578265914,0.173859620616167,-0.143121875226268,0.202957371687976
"16",-0.353851125260348,0.0255014485329027,-0.156435058286288,-0.158896799090158,0.0501172946013298,0.165707016008911,-0.181614474177409,0.367330666326056,-0.15217902689959,0.300623478281703,-0.261084105316635,0.244866668759255,0.0471716860082081,0.135188581366637,-0.0481717027083709,1,0.0506386464001336,0.173073701539886,-0.018641765122329,-0.0373689785538423,0.0635827658508276,-0.122764309499615,-0.195772446175243,-0.131496265228526,-0.171200240247492,-0.316042666985078,-0.0185314572942489,0.198768595693155,-0.0496627318444151,0.0966899660874646,-0.231048802924976,0.0364129898452019,-0.0296151152314315,0.036126287535828,0.0386557991606304,0.153917915516619,0.335776566857933,-0.272018630165009,0.135725556793119,0.191624033077836,0.331494168005338,0.294763928606816,-0.0152095383092472,0.257343585585062,-0.162489672652736,0.0629040150783826,0.110932409961318,0.158484846845404,0.265938610021206,0.347647705180832,0.147175568489955,0.267412468830133,-0.183002137240271,-0.102370472395233,-0.0540717459801458,-0.0818048125284379,0.300600229738869,-0.373249432323
"17",-0.0101120397548098,0.0367279374473624,0.00711178546321683,-0.183859014402353,-0.00470402699188792,0.16312243712737,0.0494014732378951,0.123746923325726,0.154333284744218,0.281912520319247,0.0597957596427516,0.104467764529207,0.325704723612704,0.282235520567293,0.0883997832619656,0.0506386464001336,1,0.414954397992925,0.217540458728855,0.326249872867246,-0.142731937126518,-0.0879984542072024,0.0782959109701749,0.16056504217829,0.147376979369855,-0.0376525271917725,0.00531572624353086,0.0269207444944224,0.105338638513901,0.0470447338329885,0.371692158768009,0.353278210502213,0.205322010624975,0.101806637052697,0.152394159622114,0.0296907045887189,0.101032852510069,0.0513328415379742,0.282906911150317,0.224828754089344,-0.0149831580017454,-0.11718996571917,-0.202017646637901,0.0605767494753892,0.199966509168914,0.0146188053995267,-0.0524214655335433,0.0511048200490728,0.296672862073937,0.303037015526159,0.0100290932246748,0.175603161369433,0.0878857656905984,0.0244938163210716,-0.0019455541101244,0.00987418040009433,-0.00923312103279457,0.0392465768215465
"18",-0.0290377663634632,0.0303948705583243,-0.0607558921746866,-0.193081349237014,-0.0884317212453285,0.228445772718965,0.0182083172018983,0.277521433428133,-0.0449820263942482,0.183383448272827,-0.117100590093333,0.133218671041968,0.169104672927818,0.397894769372042,0.0993628649772944,0.173073701539886,0.414954397992925,1,0.295309678433599,0.231237742511796,-0.022456091579127,-0.168402872689611,-0.0258721051527798,0.0142324368932173,0.0970348528488812,-0.0756039490586982,-0.00770828099707928,-0.0216967165057359,-0.0521211823764555,0.0279757882566034,0.246789473322592,0.350133635963149,0.282635815740417,0.174009036053893,0.129071749406243,-0.00336837477948934,0.17924461841158,-0.0500964876345508,0.177489767464345,0.116597929095009,-0.0381145934605281,-0.0532266646198258,-0.0787050575812149,0.0218260143868,0.0366892227455643,0.0523879372336949,-0.192284329873075,-0.0802074175379262,0.217482108563013,0.410000429864366,0.158956928777146,0.198077165685722,0.0871591102921712,0.0662580667249421,-0.0875617281556624,0.138665054123463,0.0866724584973509,-0.0849338634506948
"19",0.0427890730673895,-0.044098205488323,-0.0164698973779836,-0.200122320707221,-0.137818299061483,0.217616441762984,0.137375644033688,0.150888794565456,-0.0308115286469172,0.150067159501064,0.0419870725103287,-0.0560139231604707,0.174651298768742,0.204043898650073,-0.0191450990063412,-0.018641765122329,0.217540458728855,0.295309678433599,1,0.475216438664764,-0.167081694247201,0.0196559644443968,0.0229911725163529,0.179981354228618,0.0434163233495877,-0.0119753448516441,0.187480980124516,0.0289411309517045,-0.0681596966672741,0.0601295174784906,0.647540245554252,0.501296220863224,0.374652071735276,0.249479061268244,0.218903305972535,0.224552393155199,0.233024937100103,-0.00459423198232644,0.210856495017524,0.171364855159809,-0.0753282231407828,-0.0641183550770395,-0.339699216219052,-0.0930141454472812,0.396205311578129,0.271806178123896,-0.0308194689297635,-0.0277483079593664,0.0374676185220141,0.111134039850441,0.190277381117875,0.0171287289761735,0.0833376751748966,0.0609481303996475,-0.0109991169515265,-0.0752673388970906,0.153971347790739,0.105324341034429
"20",-0.194099297332742,-0.104075959032042,-0.0698951103054283,-0.230282297683797,0.0679103971300361,0.16646686851357,0.0625153762715631,0.107492842707722,-0.212354182798667,0.210986530590165,-0.0856025269461121,0.00846905279385577,0.171859530289934,0.169832879666073,0.00668891197870985,-0.0373689785538423,0.326249872867246,0.231237742511796,0.475216438664764,1,0.0306389610130654,0.0685244598070961,-0.085640348682046,-0.0141473699715035,0.0746580371728752,-0.0941149388544306,0.0209102046123033,0.178427709379707,0.191625360769718,0.163895025133854,0.226949941201044,0.687520519201045,0.228952641721263,0.305836839644041,0.156844272079142,0.00248517336101429,0.265310916322835,-0.108236195132276,0.244945576795542,0.108670805611866,0.024723760947534,-0.231774010544752,-0.199509458629085,0.0970982173994202,0.249429489080204,-0.111210632890609,0.135357090637478,-0.0508579888168254,0.18694926695883,0.0703671960455724,-0.0530931342806299,0.0443983197244968,0.183333951605401,0.199894952733533,0.0729157112199978,0.0635897604424146,0.296841602146035,-0.0443483560488925
"21",-0.231519967806811,0.100995579996014,-0.284292237357564,0.124816148184835,0.0601182864962467,-0.105517091043158,-0.242186913578724,-0.0434795202132047,0.059902845153958,-0.0569195201897026,-0.21637924920138,0.263833469668967,-0.0146354880444711,0.0976495585916674,0.206336186447675,0.0635827658508276,-0.142731937126518,-0.022456091579127,-0.167081694247201,0.0306389610130654,1,0.0223276928245212,-0.207040312467735,-0.213604550952072,-0.0140154588517657,0.146009829142063,-0.149759057051226,0.17241675020877,0.248734615244844,0.0636088274020579,-0.224106479019756,0.00306795795700061,-0.128556530814353,-0.0279667737654534,-0.088860730439996,-0.0886425075975202,0.139159715132653,-0.0740626465142292,-0.161730924071544,-0.0456832195985333,0.10948718785602,-0.0812705339703967,0.174228881741946,0.116507751325488,-0.0964032488987435,-0.0521471242043071,0.0759915280426778,-0.0596063120811767,0.217613940315142,0.00841860442158661,-0.0878901085516854,-0.000923641714859,-0.0803683488180812,0.0203877167945687,-0.113603041372415,0.089166676262639,0.107657969449026,-0.0319487783710549
"22",0.116546427522002,-0.25329862469234,0.195608626184581,-0.109609912507143,0.172486990271047,0.0672711654980403,0.356535386070407,-0.141323262378237,0.00411481402581416,0.19748438081891,0.175602959288019,-0.37201974820074,0.0626595481988136,-0.0194193750768251,0.00252179947824055,-0.122764309499615,-0.0879984542072024,-0.168402872689611,0.0196559644443968,0.0685244598070961,0.0223276928245212,1,0.0694398335786014,0.0823192293229105,-0.153249674487639,0.011776785857818,0.0956287906782901,0.15899325100424,0.129276776688841,0.240779236559657,0.0175326345882206,0.128034960032693,-0.0977319620388324,-0.0748582634490721,0.170328338115947,-0.0192814693990257,-0.191125583932681,0.183046563180102,0.174875858354927,0.141287465399149,-0.00463376704360362,-0.0968777501115338,0.156604640084183,0.200211689918882,-0.0348955115357755,-0.269984566604174,0.0584509170082756,-0.0579971215274072,0.0209537603054292,0.0606155632235127,-0.0388165046449422,-0.297365189318477,0.032283290086562,0.121995862522474,0.249923757201731,-0.110823942796577,-0.0457828228968699,0.0927611423112418
"23",0.0598664773706657,0.0705989481996309,0.311424584618013,-0.0921316248620756,0.012006963014608,-0.111556159622578,0.00320528295113001,0.0798548957550668,0.252401176455387,0.0201983155575335,-0.00110947610910847,-0.083381374718247,-0.0226479620475205,0.0296142393847275,-0.117258476887394,-0.195772446175243,0.0782959109701749,-0.0258721051527798,0.0229911725163529,-0.085640348682046,-0.207040312467735,0.0694398335786014,1,0.759938333664359,0.031318954414127,-0.0808227563098381,0.0348524414352883,0.0808727899771827,-0.165456480625181,-0.209913259324832,0.0998681494115078,-0.260410266891388,0.19488869192155,0.136911068196894,-0.182110711817975,-0.00190746734648828,0.0533437122168705,0.0110547998845182,0.120960291200696,-0.0475130900780241,-0.149775338934652,-0.0210254047567211,0.0847185438603361,0.0118685641048083,-0.0183153140714059,0.00887157473560507,0.0493205344173653,0.0207341194335545,-0.130176501097218,0.0163777781261347,-0.115921725696266,-0.177726801879584,0.00079923036486477,-0.0500962410774658,0.179158103360253,-0.0201267705644726,0.0806474694321548,0.142755745543129
"24",0.137503941376126,0.0606847301977636,0.214732327933491,-0.194205239506225,0.039424019929122,0.0140112128368756,-0.00081709708397437,0.14454770484649,0.293387725723767,0.128207760485865,-0.101527843130844,-5.2467530683971e-06,0.0513306118826546,0.0748779372287354,-0.0455977728872123,-0.131496265228526,0.16056504217829,0.0142324368932173,0.179981354228618,-0.0141473699715035,-0.213604550952072,0.0823192293229105,0.759938333664359,1,-0.00950319429532833,-0.216208320813483,-0.0302367106396598,0.045729265304624,-0.245497528804037,-0.182600359947274,0.171608082598817,-0.135445000404561,0.201167410411011,0.0664814343246186,-0.176741880658742,0.111553388625798,0.0883039820893244,0.00373358394944361,0.217676544633781,-0.0424652672318279,-0.15047228309953,-0.0121903720296955,-0.0187327508120183,-0.0713489972802822,-0.0259991865980806,-0.0182428223876392,0.0276577176176289,-0.0129944596077943,-0.137846836873884,0.0154762063578755,0.0961554750084515,-0.0997930757032008,-0.0466941616012097,-0.0815018737375481,0.0746618844211061,-0.106854370783359,0.0763952902743316,0.136901607484816
"25",0.168646173811134,0.207266391048783,-0.0662637808034177,0.176317993384806,0.146960059325191,-0.0876560418863867,0.0739407528098938,-0.147265720873599,-0.123519493763994,-0.257445955364356,0.169971689196486,0.0677880556704692,0.0701728038764947,-0.116196844095055,0.33755881568791,-0.171200240247492,0.147376979369855,0.0970348528488812,0.0434163233495877,0.0746580371728752,-0.0140154588517657,-0.153249674487639,0.031318954414127,-0.00950319429532833,1,0.348859701601943,0.13062878957826,-0.0412388500275683,0.170449255897308,-0.23194878073637,0.0430942239770543,0.143810074444186,0.33294414162272,0.317485646889295,0.130526557097905,-0.204759745710045,0.0937790480843796,0.10971936761948,-0.0776816365545159,-0.0365063620964533,-0.108852913938386,-0.135226416291736,0.178122061993672,0.030281781819688,0.0580992706417819,-0.112071743753315,0.138618885923879,0.220150511127017,0.0778573255760487,-0.12376216472909,-0.0332066733684165,0.354125250503439,0.13681779207594,0.13952063670023,-0.0612109603832302,0.229662579209834,-0.144355430691704,0.169572879424919
"26",0.240468549547129,0.157090161926643,-0.0871476547995618,0.414982804467776,-0.10309416114605,-0.14934509418933,0.23895117097926,-0.327812291769424,0.0970203922649816,-0.225475099952063,0.248071139058709,-0.0757090187271165,0.0785131010610614,-0.20602248018044,0.235301577584363,-0.316042666985078,-0.0376525271917725,-0.0756039490586982,-0.0119753448516441,-0.0941149388544306,0.146009829142063,0.011776785857818,-0.0808227563098381,-0.216208320813483,0.348859701601943,1,0.162249743543106,-0.0822317476792398,0.234532186490076,-0.121149528952132,0.0429254311245272,-0.0479522706998883,0.0874942422397801,-0.0533704553765139,0.0138842487149531,-0.00659664796900936,-0.0783573413261324,0.294275926828376,-0.075755077584844,0.0393523604506929,-0.00397071625222322,-0.158687448227728,0.0365043268188976,-0.083441556015713,0.108403724690491,0.0938451532639226,0.044003791004457,0.134227580454713,0.0212139138063729,-0.209243985328072,-0.0173830061958824,0.0241027039336153,0.241248109506796,0.122655215903999,0.0475829007939172,0.0763343763315383,-0.261926610570763,0.383610371734649
"27",0.167202290065779,0.0517377205577186,0.0975640925903375,0.118029093118583,0.00725721749009757,0.158222738629677,0.240243776734767,0.0798368958312168,0.0144153832906324,-0.106016421995411,0.209542912532239,-0.0134900876830276,-0.102368065336132,0.104894121525515,0.0623813341667932,-0.0185314572942489,0.00531572624353086,-0.00770828099707928,0.187480980124516,0.0209102046123033,-0.149759057051226,0.09562879067829,0.0348524414352883,-0.0302367106396598,0.13062878957826,0.162249743543106,1,0.157371593523177,0.0868440350153048,-0.0672492680398024,0.220555590027569,0.0793522779521134,0.155301891593447,0.0326513812546803,0.157354680396723,0.186680775548392,0.0846611759003629,-0.175705723772901,0.242604538761981,0.195252511283482,0.100377895821686,0.10006479531389,-0.0444774859188399,-0.11565355713343,0.0406877493031419,-0.00069558233248045,0.215768991289276,0.353681098555068,-0.026032560622399,0.0675535357630392,0.148904413689941,0.127656758175214,0.291677773980499,0.108811175825138,0.0722079769509131,0.133582248319715,0.10618690364248,0.0970465010367244
"28",-0.1998396424176,0.0137462670802893,0.132520751345117,-0.161879928007799,0.201904193508093,0.022127006205417,0.0707094844057041,0.274340806653033,0.117223051836306,0.224280400437551,0.103770198768475,0.0354441039205919,-0.0285576127189546,0.00777338529212273,-0.0325779796336637,0.198768595693155,0.0269207444944224,-0.0216967165057359,0.0289411309517046,0.178427709379707,0.17241675020877,0.158993251004241,0.0808727899771827,0.045729265304624,-0.0412388500275683,-0.0822317476792398,0.157371593523177,1,0.0483723881242323,0.147965596531409,0.0212046167173437,0.0965677333030875,0.106955880837735,0.14934028513368,0.0609077555532478,0.126706166616329,0.225245596465416,-0.238621598786977,0.252049232852019,0.0919180618745084,0.0860961172419486,0.105250190682566,0.248663892273001,0.307366700133693,-0.101388027384753,-0.137304898049748,0.150352223524104,0.186572891116248,0.176970545301907,0.0870825827840698,-0.00262712484896484,-0.0872915046071134,0.036843666055108,0.055210619955904,0.150268113547969,-0.0485657028999115,0.287859711831996,-0.14742759427214
"29",-0.0128998032990434,0.117582891654492,-0.0990629732508922,0.303253029962221,0.116223401290584,0.119118528267335,0.101983285343419,-0.0733222703026909,0.04676293423513,0.110972724108151,0.11206939578545,0.0817336455660041,0.0442648006805541,0.131559372602326,0.0587695483571492,-0.0496627318444151,0.105338638513901,-0.0521211823764555,-0.0681596966672741,0.191625360769718,0.248734615244844,0.129276776688841,-0.165456480625181,-0.245497528804037,0.170449255897308,0.234532186490076,0.0868440350153048,0.0483723881242323,1,0.325394507171857,-0.153961592044136,0.246890553913607,-0.133071366144716,-0.0210304743798515,0.117619661072001,-0.177273955847493,0.183428413661354,-0.0967911507682526,0.132801364957467,0.228057030516697,0.20355550369642,0.0152935352859572,-0.0127426505321187,0.297885035250096,-0.0296650232790933,-0.151370774570201,0.204637792458155,0.192597591484397,0.263946582745477,0.23539305627095,0.0208614700051455,0.222272407429248,0.123759086579794,-0.0322246926779319,0.0479321271166263,-0.0819278907379783,0.183747171735733,0.178914905477819
"30",-0.0173305711315184,-0.0513380700681442,0.0351897503824597,0.0429952536262707,0.043094173711211,-0.050622207882355,-0.0251993635946196,0.148827008340201,0.189223448562045,0.351664668299246,-0.012022397333498,0.0213919811522101,0.0497932839195649,0.175608525104131,-0.137943812569266,0.0966899660874646,0.0470447338329885,0.0279757882566034,0.0601295174784906,0.163895025133854,0.0636088274020579,0.240779236559657,-0.209913259324832,-0.182600359947274,-0.23194878073637,-0.121149528952132,-0.0672492680398024,0.147965596531409,0.325394507171857,1,-0.0614792856096038,0.196238240084889,-0.312997003041631,-0.2011981539036,0.0527574915742626,0.108093892580259,0.0263340217082922,0.0848678532922055,0.244519245088068,0.304089959677531,0.300651157730011,0.258658864280335,-0.0171495580398582,0.105043843409579,-0.0276397540788066,-0.0147902698957463,-0.00853126790462743,-0.0684098618427482,0.376584432894227,0.272637683653403,-0.0244511578259937,-0.0617756659182551,-0.0389749288565042,-0.118803424278989,0.0931908822482618,-0.0624213092488083,0.104905282283697,0.00990716629746562
"31",0.260051974544473,0.0522483283036069,0.136634989618663,-0.158905277101593,-0.173078213691849,0.145516930300067,0.298396136681725,0.16536758900379,0.199293833856265,-0.0294686935367113,0.283224028533573,-0.112989354823153,0.182258026904076,0.113802818343575,0.0453055259134001,-0.231048802924976,0.371692158768009,0.246789473322592,0.647540245554252,0.226949941201044,-0.224106479019756,0.0175326345882206,0.0998681494115078,0.171608082598817,0.0430942239770543,0.0429254311245272,0.220555590027569,0.0212046167173437,-0.153961592044136,-0.0614792856096038,1,0.37852719203676,0.340959522997932,0.204901489284175,0.103741891205631,0.244032372894754,-0.00917310374548679,0.0641300383949589,0.206451940672087,0.0524802044535782,-0.256730469233398,-0.140637600243063,-0.32173118908558,-0.240082691673764,0.377774911481022,0.295654183155166,-0.258227550872667,-0.0898470669765811,-0.113697220574548,-0.0347095383211105,0.0856038879779204,-0.108109333532409,0.253258752401002,0.126033226784794,0.0276462873243095,0.0138271375858594,0.0333186308680176,0.29358490116496
"32",-0.0339137924787734,-0.101768918070624,-0.108493064521203,-0.156599430993357,0.124762588810196,0.329018432836744,0.222061642963645,0.21480428405735,-0.283108182438587,0.188152196225568,0.0260639942652327,0.0463302654282958,0.291546089988482,0.294730064917286,0.020562225344665,0.0364129898452019,0.353278210502213,0.350133635963149,0.501296220863224,0.687520519201045,0.00306795795700061,0.128034960032693,-0.260410266891388,-0.135445000404561,0.143810074444186,-0.0479522706998883,0.0793522779521134,0.0965677333030875,0.246890553913607,0.196238240084889,0.37852719203676,1,0.278303119667788,0.291204562907036,0.273223737305489,-0.0290854645060294,0.178986974343577,-0.161938824491032,0.283106542519876,0.171138831867785,-0.0471458017638301,-0.182822882769532,-0.215356395707185,0.122994124455134,0.331497145766271,-0.0993339537662782,0.0475452208438829,0.0266857113126408,0.230412546311657,0.195962343412737,0.172565146945588,0.101624057358068,0.264304394945511,0.203182105582001,0.0526628438475111,0.00976154242689955,0.202912256700324,-0.00173060658346546
"33",0.116320742555172,-0.0387161516634658,-0.0838308504734054,-0.0721552206357618,0.0238546762486446,0.101334225570581,0.324459216143481,-0.0609825535634833,-0.0872826512801355,-0.202076044764997,0.210770205371991,-0.174382554941074,0.133246780067101,0.00902446960223445,0.0821135230132857,-0.0296151152314315,0.205322010624975,0.282635815740417,0.374652071735276,0.228952641721263,-0.128556530814353,-0.0977319620388324,0.19488869192155,0.201167410411011,0.33294414162272,0.0874942422397801,0.155301891593447,0.106955880837735,-0.133071366144716,-0.312997003041631,0.340959522997932,0.278303119667788,1,0.610232280008147,0.124255423165961,-0.00235232334380507,0.183586444289627,-0.101529455795871,0.0270764813945218,-0.110528346022343,-0.148632584546416,-0.189533361609394,-0.0511490251454702,0.0693924634802558,0.183106362856706,0.160175122952969,0.217598884434825,0.218834331952372,-0.112198200271535,-0.0380135117025139,0.236052925883948,0.105542459895754,0.288923187922292,0.255442488316527,0.037562347474141,0.0165427668578093,0.0694880141938242,0.00183378796007503
"34",-0.049836123574206,0.118889874283655,-0.058303025505232,-0.0490270499070365,0.0949738538802782,0.114293126480363,0.146606322225204,0.132721474787492,-0.171414698933473,-0.0807981059486918,0.0697034670578384,-0.0584982956748114,0.0720661913025753,0.0481491507402264,0.0546129272051373,0.036126287535828,0.101806637052697,0.174009036053893,0.249479061268244,0.305836839644041,-0.0279667737654534,-0.0748582634490721,0.136911068196894,0.0664814343246186,0.317485646889295,-0.0533704553765139,0.0326513812546803,0.14934028513368,-0.0210304743798515,-0.2011981539036,0.204901489284175,0.291204562907036,0.610232280008147,1,0.0710674805017748,0.0156065513455227,0.340785672336855,-0.239915824046208,-0.0619268068626993,-0.168975848632593,-0.0473506493126584,-0.0499650245741834,0.0530973875760489,0.181088091482209,0.120947275669607,-0.0187968775264116,0.222294642118337,0.151398079272302,0.0164095874351996,0.00047368365425959,0.0978229161771501,0.240769975170847,0.225860187155649,0.179838532658066,-0.00586888837234981,0.149378165514908,0.212204758940117,-0.141555276201303
"35",-0.0220361585660321,-0.167538262947566,0.0761057778582897,-0.0903057798551555,0.070310810192912,0.115996508032395,0.445447803810039,-0.0806444908891977,-0.127875767311092,0.237389626600249,0.144248247190672,-0.0605474649880773,0.132865396524748,-0.0591900309406207,0.0521428132901113,0.0386557991606304,0.152394159622114,0.129071749406243,0.218903305972535,0.156844272079142,-0.088860730439996,0.170328338115947,-0.182110711817975,-0.176741880658742,0.130526557097905,0.0138842487149531,0.157354680396723,0.0609077555532478,0.117619661072001,0.0527574915742626,0.103741891205631,0.273223737305489,0.124255423165961,0.0710674805017748,1,-0.0234757198065752,0.101410464400301,0.134909181828021,0.173943064171513,0.200047697387953,-0.0217860937246843,-0.124641479885875,-0.00744388542252133,0.191032015701387,0.264052615063106,-0.169428517651073,0.00232063065213034,-0.0577560692408117,0.175376928358579,0.109189080925407,-0.0179394652364444,0.149900146567783,0.16482221246936,0.209612288765477,0.253141183280235,0.162786789347099,-0.0367773422531286,-0.0145476582402959
