"","l_Insular.Cortex","r_Insular.Cortex","l_Amygdal.Area","r_Amygdal.Area","l_Bed.Nucleus.of.the.Stria.Terminalis","r_Bed.Nucleus.of.the.Stria.Terminalis","l_Hippocampus","r_Hippocampus","l_Orbitofrontal.cortex","r_Orbitofrontal.cortex","l_Entorhinal.Cortex","r_Entorhinal.Cortex","l_Frontal.Association.Cortex","r_Frontal.Association.Cortex","l_Globus.Pallidus","r_Globus.Pallidus","l_Glomerular.Layer.of.the.Accessory.Olfactory.Bulb","r_Glomerular.Layer.of.the.Accessory.Olfactory.Bulb","l_Glomerular.Layer.of.the.Olfactory.Bulb","r_Glomerular.Layer.of.the.Olfactory.Bulb","l_Granule.Cell.Level.of.the.Cerebellum","r_Granule.Cell.Level.of.the.Cerebellum","l_Hypothalamic.Region","r_Hypothalamic.Region","l_Entorhinal.Cortex","r_Entorhinal.Cortex","l_Vermix.Molecular.Layer.of.the.Cerebellum","r_Vermix.Molecular.Layer.of.the.Cerebellum","l_Lateral.Molecular.Layer.of.the.Cerebellum","r_Lateral.Molecular.Layer.of.the.Cerebellum","l_Anterior.Olfactory.Bulb","r_Anterior.Olfactory.Bulb","l_Posterior.Olfactory.Bulb","r_Posterior.Olfactory.Bulb","l_Subiculum","r_Subiculum","l_Perirhinal.Area","r_Perirhinal.Area","l_PreLimbic.System","r_PreLimbic.System","l_Primary.Cingular.Cortex","r_Primary.Cingular.Cortex","l_Primary.Motor.Cortex","r_Primary.Motor.Cortex","l_Retrosplenial.Cortex","r_Retrosplenial.Cortex","l_Secondary.Cingular.Cortex","r_Secondary.Cingular.Cortex","l_Secondary.Motor.Cortex","r_Secondary.Motor.Cortex","l_Striatum","r_Striatum","l_Ventral.Tegmental.Area","r_Ventral.Tegmental.Area","l_Substantia.Nigra","r_Substantia.Nigra","l_Thalamus","r_Thalamus"
"1",1,0.123406267680324,0.148487537709095,-0.161507090026642,-0.147488210584316,-0.0803364751240843,0.0625706386577872,0.0236813760988626,0.289767906549164,-0.058778515430022,0.145331336585607,-0.107569375194759,-0.0815512455094791,-0.0303105992166116,-0.215708363465515,-0.0422511076935635,0.364798919185571,0.0668560381356459,-0.00290807128108599,-0.157912701706038,-0.026656195462445,-0.237981390215283,0.083145564631532,-0.0113995105201197,0.0643094486700776,-0.133310592918456,-0.019463933038602,-0.0515914294740646,-0.108586432560926,0.020478921542731,0.0551661651565472,-0.109109108067183,0.354386550228061,0.209575916988252,0.231967904858459,0.115113667600312,0.25923173566837,0.154333701989974,0.0933815079958972,0.0293118097113826,-0.152333179026984,-0.265712767709479,0.0612186022273268,0.0686768205637666,0.0415322386199749,0.191377540672917,-0.188562187096407,-0.271741565752714,-0.00722771052065309,-0.0704940017170786,0.149673697923596,0.0629768196441625,0.0843261037375004,0.0483851793067852,0.15353002802854,0.171099267026019,-0.21040190282057,-0.0345568042564588
"2",0.123406267680324,1,0.0694889919522965,-0.090736194906324,0.0443072113156847,-0.0518584681339283,-0.285735059561278,-0.0608226413949522,0.0298871222273436,0.198154993899344,-0.174460782572244,0.0875928625269936,-0.0785286092834144,-0.0379555747721979,-0.0133368069195523,0.0191785729619131,0.0249364654747929,0.20421851492416,0.116459613949665,-0.185342109759485,0.157372324431463,-0.175166591510852,0.120896775612417,0.0025332284452048,-0.110443846751061,0.126983996931803,0.0933782527756645,-0.0295839379290319,-0.0556758125417722,-0.130000539236588,0.0484192710115933,-0.0198844608700164,0.0711247369567899,0.112377921566267,0.102137477877878,0.0336023991554838,0.234043458643402,0.147871047559348,-0.0252766891697904,-0.00395308853746279,-0.0826718928814438,-0.0567150030234052,-0.0551145921639544,-0.0283530208934334,0.153868066291262,0.397404226783044,-0.186789660062406,-0.297419508507837,-0.0715531163939509,0.127903587547754,0.0163316201865716,0.125041275327662,0.00868503427745304,0.0802040166885635,-0.0067377722819431,0.134530118696313,-0.123399331880596,-0.00679286599593996
"3",0.148487537709095,0.0694889919522965,1,0.00022294367718756,0.159944238945328,0.0281866995785004,-0.143335967518959,-0.16049246793785,-0.0948719253139668,-0.0683337763004569,0.0842980428026159,0.147325734716332,0.113508250223908,0.0187165943362459,-0.0578567502854938,0.122287244589718,0.0132946699449526,0.00224740448711954,-0.0171218634277482,-0.116097805713113,-0.0432874926528496,-0.0687191174204699,-0.0708645410081614,-0.0393917232471123,0.225464214786216,-0.147383530276346,-0.118396569248121,-0.0554344498444205,-0.07563300990932,0.00917810427967892,-0.0352068064236562,-0.0887143251345304,0.13847432667642,-0.0597998198113723,0.103685525372814,-0.0928363570890606,0.136278489032233,-0.0671870606920955,0.0763045043934589,0.185481205429643,-0.0784211748241139,0.0702698595985233,0.197805316335574,-0.030989496107398,-0.136180798563073,-0.0823023148193762,-0.0112917087632327,-0.132878416112694,0.0198266508705019,0.0577114793539746,0.0204628497696225,0.0306572768040571,-0.0596524509658078,-0.132309218743036,0.0672982117561671,0.0222985530690117,-0.127937318677682,-0.156709300009749
"4",-0.161507090026642,-0.090736194906324,0.00022294367718756,1,0.186209525075984,-0.0879451627062141,-0.0978251754561151,0.214713018953601,-0.030489384854731,-0.081534148146793,0.138173018850053,0.264282831328169,0.255086844357418,0.225986275853414,-0.0241330767809917,0.140230362351949,0.0926644929815522,0.0785058973404766,0.00376251691209568,-0.00160067583037795,0.153523793036807,0.0642912673547725,0.0911395788483811,0.116800827748764,-0.0840754831643311,0.0758859785097519,0.125881366595401,-0.0835527527954455,-0.12205678193519,-0.0418915816511202,0.0547947933100984,-0.192825351935596,0.111799313362701,0.0493421744673094,0.00758898894709843,0.0413588748787497,-0.143530793034998,0.0151767863688597,0.0300969336176005,0.131110358849234,0.230390720852044,0.0526644147939875,-0.0344106498989235,0.0719939442576268,-0.0640721271060014,-0.148535100676326,0.0761832562269187,0.0931101040475747,0.227456193027342,0.135350506047089,-0.12437149684352,-0.0462006871501102,0.0268959551232058,0.0350021920826756,-0.120475049850574,-0.183134180930156,0.0978546239739182,0.201720208154482
"5",-0.147488210584316,0.0443072113156847,0.159944238945328,0.186209525075984,1,-0.0647329023637039,-0.10470416880728,-0.250292363412951,-0.126216717107222,0.0495388752030546,-0.0384889132963024,0.249132563237414,0.098208233284278,0.0548076441525304,0.0307480951270157,-0.0353330314944152,0.0704811607698346,0.120946083215403,0.0306361210155896,-0.00145288364783757,0.0404568036075262,-0.144875002530716,-0.0347654053589755,0.0464927732216075,-0.0231366853751169,-0.276819016035423,0.0782694891631095,-0.0671607168302191,-0.0449267913788341,-0.19123392494578,0.112163415816284,-0.131599090326276,0.0383544056473796,-0.00027051042178769,-0.0118251903389833,-0.0918053330507234,-0.0105226126748547,-0.193048783506197,0.0223081444467803,0.151748712117743,0.261028053712277,0.165244804153993,0.269663360608171,-0.121455929112414,-0.0678823738270017,-0.0880888666520473,0.189772343768464,0.124749580085762,0.162175958442042,0.0364633990102358,0.104058585264296,0.115667483231392,-0.281899973775106,-0.031851718501349,-0.270419334508711,-0.0990594630063801,0.0869184446299051,-0.217944764703059
"6",-0.0803364751240843,-0.0518584681339283,0.0281866995785004,-0.0879451627062141,-0.0647329023637039,1,-0.06114106008138,-0.113245504925787,0.201436607174361,0.015013677057521,0.0976422929405096,0.0850768667638464,-0.060646852354483,0.0348925433912688,0.201585077371327,0.0994446086944609,0.0467014944540511,0.0595267644980813,0.0837851137779035,0.16716513487107,-0.0333968562137287,0.0815286177085362,-0.0189686569033883,-0.021393056391156,0.00435367808223917,-0.0423383252938141,0.0794514234961437,0.1353948514496,0.0140737767843179,0.0891049956403958,-0.0596345349346186,0.204044580982687,-0.00362501909602998,0.0362580858759802,-0.0319253649040912,-0.0713026064852223,-0.105298910807668,-0.0331054649684552,0.0102642152167427,0.187194466353292,-0.0924790715665534,-0.0960932623477721,0.040135869301481,0.0397430503211569,-0.00547537463440223,0.0218054477819569,0.0344096884477276,0.00532847998252501,0.0165431684739019,0.0180699469475266,0.11402474818812,0.133284778080035,0.0465112857400619,0.121769495157735,0.195150250322432,0.117929400032307,-0.0429705065649151,0.140546025321389
"7",0.0625706386577872,-0.285735059561278,-0.143335967518959,-0.0978251754561151,-0.10470416880728,-0.06114106008138,1,-0.100014725682578,0.148684388462496,-0.0509032732532026,-0.00110863039160866,0.0229536925184827,-0.0743080798465764,0.00409727388967228,0.0368147592744109,-0.105611223288435,0.0363021237797112,-0.125040872740051,0.0445342499216623,0.0981410197053494,0.0504508809189793,0.183764701095977,-0.0778178864255984,0.0908325910637959,0.0732859893359101,0.0634584427419832,-0.0462413936365793,-0.0355650561003447,0.0408143976920239,-0.0635139007372952,-0.0840298975886554,-0.0574459690677021,0.0109354991642054,0.0726505614169031,0.197456182265971,-0.111877301478185,0.0381236819715492,-0.0354643713961805,-0.0593245359127316,-0.15817514886441,-0.0626384053898081,-0.103870658837298,-0.213504836624207,-0.0474179392625536,-0.053350090887596,-0.227551892273188,0.11506120867617,-0.0140138351315455,-0.221467804193605,-0.111352438831958,0.130615191437342,-0.0912203318302394,0.00645146749028169,0.0989938760650808,0.176652973898452,-0.0270368761570829,0.0714543506893646,-0.0960029318120794
"8",0.0236813760988626,-0.0608226413949522,-0.16049246793785,0.214713018953601,-0.250292363412951,-0.113245504925787,-0.100014725682578,1,-0.0344254571015535,0.0325399808888246,-0.0285942785888388,0.165838890513463,-0.0180967906888336,0.123408487464975,-0.033142411853868,0.113029634398241,-0.0848601144058994,0.0208995975641942,-0.0553860734826272,0.10181191894958,0.137481909891331,-0.0720634582611892,0.132301469773457,-0.015881924992724,-0.0435472191194127,0.0745160632309169,0.0672265053956783,-0.0987635961226203,-0.00290817782307029,0.201854817505158,-0.0759792534627575,-0.0344588842901153,0.00718455035048247,0.116912576594759,-0.215653150812521,0.334983703898838,0.0266589561164662,0.150062426266195,0.077153672824097,-0.0893243020797221,-0.0788264678107774,0.108171933556859,-0.128444981541347,0.131296824353346,0.0801710222913662,-0.104967700312863,-0.143587682579606,-0.0101057648370763,0.0254801093544048,0.105201107722525,-0.148398567121956,0.00660466387047266,0.12138631147628,0.15055186891787,-0.0632925629216308,-0.0412743005812963,-0.0143687737537435,0.13919205824797
"9",0.289767906549164,0.0298871222273436,-0.0948719253139668,-0.030489384854731,-0.126216717107222,0.201436607174361,0.148684388462496,-0.0344254571015535,1,-0.00268118135800811,0.0107245319605334,-0.18465704611119,0.0343714330240344,0.0469318168491158,-0.0410980003621892,-0.0792002596424209,0.291516898995881,-0.111385253760785,-0.0198350371677584,-0.00353210997960149,0.125276108849126,0.00256538043366471,0.0712000336575458,0.0985355481941974,-0.0301932463686131,-0.0122016582482909,0.205095899819844,-0.0137573719735285,0.0752650867319873,0.0457764914614755,-0.0135526685564633,0.0267739726239787,0.157521959188512,0.043002581814139,0.185442133870556,-0.0818067420369859,0.12082110136596,-0.116737461002166,-0.0725074412309775,-0.114035601442445,-0.12638203066548,-0.286577503894507,0.184727338020558,-0.0401669441318203,0.091445739539016,0.119615890363698,-0.259099825621084,-0.225953147177735,-0.101283586872431,-0.0222431660603249,-0.0591578365371969,0.021249581899277,0.26931418671353,0.279868431997271,0.232207952805585,0.139705693543883,0.0242082303196331,0.186307229011142
"10",-0.058778515430022,0.198154993899344,-0.0683337763004569,-0.081534148146793,0.0495388752030546,0.015013677057521,-0.0509032732532026,0.0325399808888246,-0.00268118135800811,1,-0.088611383132233,0.173279589468097,-0.145793237104124,0.129201685369901,-0.0111736499501534,-0.129275316947984,0.00281470575496375,0.0538379459185599,0.0529375381032111,-0.102720707344812,0.00262378381995852,-0.15760636361985,0.194866026076545,-0.0217812191548971,0.0804410647650316,0.0586784044181017,0.0688768713016851,-0.0681826008898598,0.136929948330903,-0.202116302937956,0.101591282135406,-0.0185299176806803,0.220421309410841,-0.0155484242443726,-0.0762102623153312,0.00092207740137345,0.00635547070894627,0.0235915876164515,0.0074603425586089,-0.0194876369077676,-0.0410530931302683,0.190643169101874,-0.0918021073190994,-0.0752264345598476,0.0818731851933212,0.125106036979378,0.030977665531846,0.0610240022325996,-0.0340590690343843,0.196887847732854,0.0369443418359089,0.0919406721675034,0.0068049567148916,0.25655056722167,-0.145667120750509,0.0603615775888337,7.85430299889799e-05,-0.139124720911595
"11",0.145331336585607,-0.174460782572244,0.0842980428026159,0.138173018850053,-0.0384889132963024,0.0976422929405096,-0.00110863039160866,-0.0285942785888388,0.0107245319605334,-0.088611383132233,1,0.0777876550276838,0.0695841135293831,0.168966506749229,-0.0108085317191918,0.090435817152679,0.19445419636183,0.0470074535165855,0.174490279346827,0.0611169379832097,-0.02194144542482,0.0156691128677314,0.0587424003859229,0.135400734308412,0.200736000560515,-0.0756632885737973,0.0401294154407093,-0.0875899622606035,-0.049359790094418,0.0705718513130349,0.266312033875683,0.0210387633551895,0.228502590831548,0.209324646084226,0.081900537272496,-0.0574258532690176,-0.169118308615662,0.00816357653901475,0.306809100948678,0.19975664436383,0.241448330222343,0.0364563681528104,-0.0405507994820969,0.0652661116600291,-0.0199146606890477,-0.0730817659473677,0.141843234061515,0.0993974189844902,0.139364444851402,0.0573312200964035,0.00698503259354364,-0.135514404249538,-0.0884740012438738,-0.00325248585413618,-0.113036879645669,-0.0829956813770805,0.0675188210021708,-0.0257714679332409
"12",-0.107569375194759,0.0875928625269936,0.147325734716332,0.264282831328169,0.249132563237414,0.0850768667638464,0.0229536925184827,0.165838890513463,-0.18465704611119,0.173279589468097,0.0777876550276838,1,-0.049751555376656,0.216515219378492,0.106836362900691,0.135020286962852,-0.0263929170950182,0.142549327473361,0.0360197118799387,-0.10159534448472,-0.0249362755637097,-0.133810739114727,0.176101207584918,0.161383431389554,0.105254111532832,0.144163996115896,-0.0991083799209718,-0.011814552003127,-0.139130896920567,-0.106423492902715,0.195868561470479,-0.125281969495709,0.206533319010999,0.235597660169756,0.00691233196997953,0.196646661763975,0.00453116517166828,0.0853517836221522,0.202819642890574,0.118869094794213,0.212574937297721,0.0665750769313996,-0.0265462807620376,0.11136143961933,0.0473262824978005,-0.0936083101599723,0.0911445636506276,-0.07073196257207,0.0998961999268248,0.158378147682745,0.191067844917231,0.222459643601284,-0.103632126511593,0.190933696154605,-0.137717880944236,0.0204382782881619,0.174591599839037,-0.0379092059598245
"13",-0.0815512455094791,-0.0785286092834144,0.113508250223908,0.255086844357418,0.098208233284278,-0.060646852354483,-0.0743080798465764,-0.0180967906888336,0.0343714330240344,-0.145793237104124,0.0695841135293831,-0.049751555376656,1,-0.124731413109043,0.234180080409663,0.0780770720614096,0.192563840639152,0.0213838291476769,-0.0527449102159162,-0.0239096058584076,0.20203401878014,0.130280084915984,0.0812054844154524,0.0579808743272769,-0.00514522149725209,-0.192271496958306,0.108910935147153,-0.178408187395849,0.0251920742937703,-0.0439741231435504,0.0885628762036659,0.112428512084979,0.013188272857082,-0.0813925901492012,-0.0855471219876638,-0.11626055113327,-0.0788045396350893,-0.123342991217415,0.101599593829493,0.118083388418955,0.147969437820786,-0.0588785685252171,0.00150766454631993,0.0473201580061097,-0.20332556217572,-0.0332998347143618,0.0215074084654792,0.105818817411412,0.43116361901833,0.0278479855186317,-0.184064373348599,0.109858707496583,0.039354953550686,-0.0400474036600922,0.00548642086792424,0.0115121259098934,-0.0174744351007993,0.123891530342441
"14",-0.0303105992166116,-0.0379555747721979,0.0187165943362459,0.225986275853414,0.0548076441525304,0.0348925433912688,0.00409727388967228,0.123408487464975,0.0469318168491158,0.129201685369901,0.168966506749229,0.216515219378492,-0.124731413109043,1,0.0233393527231004,-0.0199132933613495,-0.0863047114450765,0.420679092311027,0.00160300244599741,0.0264066626241545,0.0411957855940845,-0.0182864807171467,-0.00819053388163373,0.170559005067521,-0.0426718446902678,0.012465447951607,-0.0658662665079534,0.0133076212437877,0.0629823370432212,-0.0241435051294501,0.179610636253588,-0.0771400781226317,0.25126599760592,0.219018947782244,0.024262286080459,-0.014518983922048,-0.0284528744399142,0.202401284247652,0.0455086552337137,0.124446937283486,0.186940512499718,0.0270470107224789,-0.168409002252885,-0.0256481193121459,0.10447087349997,0.0784649836115487,0.174149875592709,-0.0468964006171768,-0.0203862786862776,0.340239811529786,0.0751240645999448,-0.024123242263889,-0.151186334209581,0.00517307613465248,-0.121620990187962,-0.00335011690599786,0.187320406108566,0.00065413719253034
"15",-0.215708363465515,-0.0133368069195523,-0.0578567502854938,-0.0241330767809917,0.0307480951270157,0.201585077371327,0.0368147592744109,-0.033142411853868,-0.0410980003621892,-0.0111736499501534,-0.0108085317191918,0.106836362900691,0.234180080409663,0.0233393527231004,1,-0.0232989333407359,-0.106294837583722,-0.095557497634665,0.0962406059493482,0.0540758119617615,0.24431687006941,0.095187110982438,-0.010843631072972,0.156504614474912,0.0374584018603969,-0.0808180162640869,-0.00214875371946285,-0.0486711890896465,0.0423144511714209,0.0787401666182864,0.0157816535378926,0.0502772240050845,0.076907862903933,0.0247082929158186,-0.131822894508892,0.072330328440373,-0.181571922857699,-0.0619013695212487,0.120656932068533,0.0650382052559279,-0.165356782101083,-0.265075158495865,0.0337488781833105,-0.0256177531165363,-0.016123489173568,-0.0541169938693503,-0.0159234096820634,-0.0407967565064542,0.0604053135823724,-0.139345728569795,-0.0154147489577811,0.0500482879931686,0.0067049638787522,0.20004322050942,-0.0409344418208892,0.193798326210009,0.00598295042116329,-0.0451651033189099
"16",-0.0422511076935635,0.0191785729619131,0.122287244589718,0.140230362351949,-0.0353330314944152,0.0994446086944609,-0.105611223288435,0.113029634398241,-0.0792002596424209,-0.129275316947984,0.090435817152679,0.135020286962852,0.0780770720614096,-0.0199132933613495,-0.0232989333407359,1,0.113588138321418,0.0220056969323645,-0.102359289592674,-0.118574788710212,-0.098069113122462,-0.175302363416394,0.175119477241585,0.188036517366411,-0.0271809867879784,-0.0798830674566949,-0.0314513225703386,-0.205190702875607,-0.22551290848128,-0.0039847358879422,-0.153823645598417,0.176248737867399,0.118762150040047,-0.138116367116501,-0.0713092156711859,-0.0120659517250765,-0.259216704935592,-0.00571179221873067,0.113087846864237,0.0350457618628186,-0.00942426507637124,-0.0346988277136305,0.0416633274004474,0.0505346105328007,-0.173434277606824,-0.109995209638351,-0.0225545990568019,-0.0672251040321962,0.115060395219331,0.0396156413094832,-0.030184119400244,0.0213116333779947,-0.0499860155449139,-0.0344904064711516,-0.178473103479184,-0.231186815690003,-0.118840172471998,0.0840150206776542
"17",0.364798919185571,0.0249364654747929,0.0132946699449526,0.0926644929815522,0.0704811607698346,0.0467014944540511,0.0363021237797112,-0.0848601144058994,0.291516898995881,0.00281470575496375,0.194454196361831,-0.0263929170950183,0.192563840639152,-0.0863047114450765,-0.106294837583722,0.113588138321418,1,0.0142078591819335,-0.0604522212382018,0.0923234781105654,0.162773433756642,0.0325091571463267,-0.0188024082707004,-0.0380331989802391,-0.112124169726763,-0.143232407324187,0.215668690791879,-0.211567240708099,-0.0839392500739088,-0.0506767420201123,0.157018108717506,-0.00702309878912915,0.270609048187133,0.0808592241422591,0.0389306773960444,0.0968605983027954,0.146096249293747,-0.0593206360807362,0.188670613918516,0.0305173709829992,-0.0231278899883435,-0.0232493769129378,0.0399660291175152,0.0920934705740816,-0.00256816202314079,0.214238332906421,-0.0176542287256599,-0.104525123866471,0.314753788341542,-0.184397442876993,-0.0605170720265636,0.0416490249171247,-0.0281430782661055,0.0552034255259133,0.0162152558740258,0.0329558748546472,-0.148408455628225,0.147612719011901
"18",0.0668560381356459,0.20421851492416,0.00224740448711954,0.0785058973404766,0.120946083215403,0.0595267644980813,-0.125040872740051,0.0208995975641942,-0.111385253760785,0.0538379459185599,0.0470074535165855,0.142549327473361,0.0213838291476769,0.420679092311027,-0.095557497634665,0.0220056969323645,0.0142078591819335,1,0.0206737330362169,-0.00168023691702709,0.0332406243993237,-0.129417939746569,0.0156055490401498,0.0689881116932275,0.0944468126297265,-0.00565270878038004,-0.0313880691719923,-0.184525222176784,0.106797137804058,-0.161620353085774,0.023882877500409,-0.0676353169710332,0.22333691509556,0.150917548693585,-0.0137663532182852,0.0702310701840643,0.0345138558555809,0.213850667972663,0.0263631929533098,0.109155063431207,0.175183509473997,0.049683598392709,-0.139820501496438,0.171313067001894,0.00576801278966612,0.212175644298289,0.0384450340023581,-0.0417573165981213,-0.0923975317417517,0.365378466671356,0.144443531177944,0.0808553391624527,-0.13713378368587,-0.0959579138700089,-0.01568957427674,-0.0798709471367282,0.0133385982500734,0.0696805542335453
"19",-0.00290807128108599,0.116459613949665,-0.0171218634277482,0.00376251691209568,0.0306361210155896,0.0837851137779035,0.0445342499216623,-0.0553860734826272,-0.0198350371677584,0.0529375381032111,0.174490279346827,0.0360197118799387,-0.0527449102159162,0.00160300244599741,0.0962406059493482,-0.102359289592674,-0.0604522212382018,0.0206737330362169,1,0.127288063243458,0.0851141645836152,0.0957703069220783,0.0126539751063582,0.0742540065971829,0.211822796366764,0.273670516864092,-0.0226190850973326,0.214527838053417,-0.022631685674431,-0.0349469194700002,0.229395310450719,0.194883635333118,0.0344347904382473,0.269530200843757,0.0190802846239542,-0.207959373132214,0.045017114067989,-0.111301307061317,0.207693851003129,0.294048039504493,-0.0684867489344833,-0.0254894425353532,-0.0136675599692542,-0.0696407725566075,-0.215357461909612,-0.116293513794294,-0.169465573923727,-0.0409713314586948,-0.0888614840905246,-0.0818188861512876,-0.00472718943556864,-0.107682394787298,-0.0613317090902352,-0.128476752423902,0.0304299984109375,-0.0280851093812844,0.0366575599105425,0.013211940327165
"20",-0.157912701706038,-0.185342109759485,-0.116097805713113,-0.00160067583037795,-0.00145288364783757,0.16716513487107,0.0981410197053495,0.10181191894958,-0.00353210997960149,-0.102720707344812,0.0611169379832097,-0.10159534448472,-0.0239096058584076,0.0264066626241545,0.0540758119617615,-0.118574788710212,0.0923234781105654,-0.00168023691702709,0.127288063243458,1,-0.0180106425615793,0.179104197280169,-0.12411602643011,-0.140839477795122,0.0437196988100572,0.145188910894296,0.0234738795931352,0.113378958800128,0.108854538731461,0.243232994506827,0.032703626401581,0.290033571938259,0.00423542454872982,-0.0267685596492062,-0.237788714110746,-0.131316813303297,0.0583236921799767,-0.197719310008246,-0.0890284755652911,0.0669985405216836,-0.0482718130383858,0.12284100339559,-0.00427560827952549,0.0420136295811829,0.0984941515151978,-0.100140441572467,0.00090981793610589,0.104333251254499,-0.0493111887886302,-0.0709666796753734,-0.0959909000678921,-0.0909842561362981,-0.140161254905209,0.0455568411028495,0.0280766450811293,0.0747751667814314,-0.112553413528043,0.0818277926565715
"21",-0.026656195462445,0.157372324431463,-0.0432874926528496,0.153523793036807,0.0404568036075262,-0.0333968562137287,0.0504508809189793,0.137481909891331,0.125276108849126,0.00262378381995852,-0.02194144542482,-0.0249362755637097,0.20203401878014,0.0411957855940845,0.24431687006941,-0.0980691131224621,0.162773433756642,0.0332406243993237,0.0851141645836152,-0.0180106425615793,1,0.0332041998132805,0.0761475610617003,0.141554273359695,-0.0461687124086569,-0.0331666166311806,0.24787223408712,-0.114334044922408,-0.00219097651993375,0.0592253458158359,-0.029078724116405,-0.00870205700355843,0.0768637509453032,0.0175774625078032,-0.0128475034050136,-0.00732734415054249,0.00093370884900596,-0.127428462531646,0.010191037687617,-0.0747158913135078,-0.0414619793744139,-0.0782061000180998,-0.127936104091034,0.216163593779161,0.0781555672950811,0.17205292220269,0.0311511540774389,-0.0257735938655958,-0.032335401542615,-0.00516217751266122,-0.100755184138112,0.013828706948922,-0.0272168237002595,0.0705446781691192,-0.0504532009826579,0.0601133023001662,-0.0385706391501444,0.0134532189968117
"22",-0.237981390215283,-0.175166591510852,-0.0687191174204699,0.0642912673547725,-0.144875002530716,0.0815286177085362,0.183764701095977,-0.0720634582611892,0.0025653804336647,-0.15760636361985,0.0156691128677314,-0.133810739114727,0.130280084915984,-0.0182864807171467,0.095187110982438,-0.175302363416394,0.0325091571463267,-0.129417939746569,0.0957703069220783,0.179104197280169,0.0332041998132805,1,-0.0345379544924165,-0.106512793102897,-0.0853225503447806,-0.147593700269552,-0.0185018096765265,0.0518874828980222,0.00974411431343805,0.12614358018643,-0.0242833295609354,0.158714927552223,-0.222819872097307,0.010759969098975,-0.0476859190661128,-0.177402356329195,-0.140042711824656,-0.147557959111942,0.101030288070735,-0.0176429696418965,-0.0116681336763304,0.0278653798583643,-0.0827073249229229,-0.127412490185378,-0.077167744806967,-0.0738766166820156,0.082549769866414,0.0525876196389463,0.101051960890426,0.0788010863091982,-0.103350677667088,-0.201272230637663,-0.0315608976489384,-0.0964853707776756,0.131003250457513,0.073305997301048,0.0467621519023018,0.0450517947661838
"23",0.083145564631532,0.120896775612417,-0.0708645410081614,0.0911395788483811,-0.0347654053589755,-0.0189686569033883,-0.0778178864255984,0.132301469773457,0.0712000336575458,0.194866026076545,0.0587424003859229,0.176101207584918,0.0812054844154524,-0.00819053388163373,-0.010843631072972,0.175119477241585,-0.0188024082707004,0.0156055490401498,0.0126539751063582,-0.12411602643011,0.0761475610617003,-0.0345379544924165,1,0.269413180999486,0.0549804228762686,0.0641774870396575,-0.0200343468141819,-0.11787837608373,-0.119215739291869,-0.134385708001673,-0.0725613474355748,0.312202846747952,0.168754822525584,0.0351737519971574,0.159895701393863,-0.142937100416543,0.0689997755276949,-0.0051637475385973,0.100046048147055,-0.0351665899398169,-0.0250653597942158,0.0122563283829442,-0.0265157467120456,0.00829943121065064,0.0131673941222705,0.0750130321828815,0.0205613784155478,-0.0724487750730454,0.0086482953089685,0.0355040971555612,0.016698739233831,0.216370636895252,0.183556239414073,0.0982363222313432,-0.0158756281742841,-0.0887151019930586,0.0275629837947188,0.0827134447563279
"24",-0.0113995105201197,0.0025332284452048,-0.0393917232471123,0.116800827748764,0.0464927732216075,-0.021393056391156,0.0908325910637959,-0.015881924992724,0.0985355481941974,-0.0217812191548971,0.135400734308412,0.161383431389554,0.0579808743272769,0.170559005067521,0.156504614474912,0.188036517366411,-0.0380331989802391,0.0689881116932275,0.0742540065971829,-0.140839477795122,0.141554273359695,-0.106512793102897,0.269413180999486,1,0.181910923501758,0.118457755301943,0.00793789815805284,0.0721634673427014,-0.143291589256678,-0.0690037286972546,0.206386633649463,0.0735939419743094,0.142282129875513,0.0227193725225489,0.050054152415348,-0.0746193956110052,-0.122417477848966,0.0399795380033621,0.112998298874332,-0.0250410713586154,0.147304991521522,0.095643606528987,-0.0918849578101478,0.00968463738520011,0.0841768843349507,-0.0634019236073739,0.0860333257994043,0.0298789821599326,-0.0383939381444685,-0.0754815862464525,0.0940015364645902,0.0800543506178954,0.0971917912664092,0.232511584954433,-0.160506565465127,-0.163117943687417,0.169980349670574,0.0262014800008744
"25",0.0643094486700776,-0.110443846751061,0.225464214786216,-0.0840754831643311,-0.0231366853751169,0.00435367808223917,0.0732859893359101,-0.0435472191194127,-0.0301932463686131,0.0804410647650316,0.200736000560515,0.105254111532832,-0.00514522149725209,-0.0426718446902678,0.0374584018603969,-0.0271809867879784,-0.112124169726763,0.0944468126297265,0.211822796366764,0.0437196988100572,-0.0461687124086569,-0.0853225503447806,0.0549804228762686,0.181910923501758,1,0.0496254700318177,0.0717427362523904,0.0601350533546927,0.0583365554653451,-0.109545862186334,0.312096794618615,0.0259774872278916,0.170270770299268,0.115126004395508,0.0910824856749307,-0.0940260193911884,0.080087035733663,-0.0459308448986688,0.073565882787435,0.182159635666402,-0.00449416624979286,0.170444961367597,0.0560724011391961,0.13909361137967,-0.122708783346364,-0.325736965013872,-0.0442990958824336,0.130961901668388,0.00364116560949546,0.065220020484906,-0.121166491293884,-0.0874702192777129,0.0451349088526899,0.0266587269451272,0.130035251136354,-0.143546136080339,0.0921059263927804,-0.236548391126498
"26",-0.133310592918456,0.126983996931803,-0.147383530276346,0.0758859785097519,-0.276819016035423,-0.0423383252938141,0.0634584427419832,0.0745160632309169,-0.0122016582482909,0.0586784044181017,-0.0756632885737973,0.144163996115896,-0.192271496958306,0.012465447951607,-0.0808180162640869,-0.0798830674566948,-0.143232407324187,-0.00565270878038004,0.273670516864092,0.145188910894296,-0.0331666166311806,-0.147593700269552,0.0641774870396575,0.118457755301943,0.0496254700318177,1,0.0520845930143193,0.199893471670382,0.123207138030872,0.00287048922836574,0.197163180764592,0.0332544233358669,-0.030856686481067,0.0292237452255554,0.0499582382997574,0.00448809775401115,0.0740162388496773,0.0727199528725557,0.0494320467358697,-0.0215516545200911,-0.0797107423256777,-0.0111540333780049,-0.0725850110033848,0.00917449257568314,0.0297954264896935,-0.0421262257117427,-0.0683480449883681,-0.12147134626965,-0.152531260958406,-0.111412963320642,0.0417574705282376,0.0564373995121808,0.145912888972422,0.0491864111353077,0.022235853844165,-0.0591848032625398,0.157581918479939,0.169257157029882
"27",-0.019463933038602,0.0933782527756645,-0.118396569248121,0.125881366595401,0.0782694891631095,0.0794514234961437,-0.0462413936365793,0.0672265053956783,0.205095899819844,0.0688768713016851,0.0401294154407093,-0.0991083799209718,0.108910935147153,-0.0658662665079534,-0.00214875371946285,-0.0314513225703386,0.215668690791879,-0.0313880691719923,-0.0226190850973326,0.0234738795931352,0.24787223408712,-0.0185018096765265,-0.0200343468141819,0.00793789815805284,0.0717427362523904,0.0520845930143193,1,0.00369909977761123,0.224715732215116,-0.143579268817482,0.0933901589892335,0.0265738838316644,0.0675033016654358,-0.193318894418028,-0.0555120240297767,-0.0447211290246966,-0.00629443393813506,-0.0446535144101545,-0.00509830653833432,-0.00580284929797738,-0.14365435750735,-0.0387338185958648,0.0877686824532224,0.18394225869192,0.104299413791324,0.0709375458822932,-0.120823614886656,-0.167739566166202,0.128783629036773,0.110267799985176,-0.0152944254431549,0.127761457083357,0.0453838326619152,0.125729761507796,0.0412448265455804,-0.0418490015539708,-0.0634839017424164,-0.0183151317922631
"28",-0.0515914294740646,-0.0295839379290319,-0.0554344498444205,-0.0835527527954455,-0.0671607168302191,0.1353948514496,-0.0355650561003447,-0.0987635961226203,-0.0137573719735285,-0.0681826008898598,-0.0875899622606035,-0.011814552003127,-0.178408187395849,0.0133076212437877,-0.0486711890896465,-0.205190702875607,-0.211567240708099,-0.184525222176784,0.214527838053417,0.113378958800128,-0.114334044922408,0.0518874828980222,-0.11787837608373,0.0721634673427014,0.0601350533546927,0.199893471670382,0.00369909977761123,1,0.0893395903659161,0.0659703732112786,0.187437125503722,0.05209259315103,-0.128486780922248,0.0442750066864177,-0.0119103183605608,-0.193060284858289,0.220932663817425,0.0861005445758358,-0.011094139154597,0.156853935032015,0.10389119676648,0.142764723602004,0.0202315701812691,-0.0443187296749606,0.0380639331524513,-0.0117607455006669,0.119301963013427,0.00413657461125383,-0.0980988870658312,-0.00886088074145471,0.0578740795629455,-0.0328758029000681,0.032355337404216,-0.00682963940489365,0.108746674107299,0.0764867454887785,0.0382346580929094,0.130293822241699
"29",-0.108586432560926,-0.0556758125417722,-0.07563300990932,-0.12205678193519,-0.0449267913788341,0.0140737767843179,0.0408143976920239,-0.00290817782307029,0.0752650867319873,0.136929948330903,-0.049359790094418,-0.139130896920567,0.0251920742937703,0.0629823370432212,0.0423144511714209,-0.22551290848128,-0.0839392500739088,0.106797137804058,-0.022631685674431,0.108854538731461,-0.00219097651993375,0.00974411431343805,-0.119215739291869,-0.143291589256678,0.0583365554653451,0.123207138030872,0.224715732215116,0.0893395903659161,1,0.268070534862146,0.154499233812904,-0.102693445883605,-0.00944912401258214,0.080479878543207,-0.0627218722211024,-0.0069221098819814,0.0397917552850528,-0.0329699333723106,-0.0590331330458412,-0.0354895811010367,-0.0825374499170894,-0.00564562162364852,0.0730268486992711,-0.0155722719124771,0.0138245551815221,0.12370186949326,-0.130929381922583,-0.0850188981102826,-0.0639308393637562,0.107919968502312,-0.0282982817890624,-0.119396155091983,-0.0319827631488601,0.0184024290327991,-0.0217121361690403,0.0705264169692843,0.0487003225597229,-0.0319029696357175
"30",0.020478921542731,-0.130000539236588,0.00917810427967892,-0.0418915816511202,-0.19123392494578,0.0891049956403958,-0.0635139007372952,0.201854817505158,0.0457764914614755,-0.202116302937956,0.0705718513130349,-0.106423492902715,-0.0439741231435504,-0.0241435051294501,0.0787401666182864,-0.0039847358879422,-0.0506767420201123,-0.161620353085774,-0.0349469194700002,0.243232994506827,0.0592253458158359,0.12614358018643,-0.134385708001673,-0.0690037286972546,-0.109545862186334,0.00287048922836574,-0.143579268817482,0.0659703732112787,0.268070534862146,1,0.0420525260500489,0.0393689614029991,-0.0255049231441762,-0.0277445244553264,-0.19443200148564,0.0540380908513834,-0.0860792256757714,-0.107270165467706,-0.0721261860030099,-0.172818641319974,-0.258997798310542,-0.0805663022919439,0.00819166845758293,0.124298095776102,0.0192294996499845,0.110453114438481,-0.118601483067816,0.0688870601012663,-0.213063760462112,-0.0978222531628416,-0.137243698654711,-0.261250459899137,-0.0179286039593296,0.178261797070785,0.0705388678491039,0.0857028837150499,-0.160156037134436,0.110034255083088
"31",0.0551661651565472,0.0484192710115932,-0.0352068064236562,0.0547947933100984,0.112163415816284,-0.0596345349346186,-0.0840298975886554,-0.0759792534627575,-0.0135526685564633,0.101591282135406,0.266312033875682,0.195868561470479,0.0885628762036659,0.179610636253588,0.0157816535378926,-0.153823645598417,0.157018108717506,0.023882877500409,0.229395310450719,0.032703626401581,-0.029078724116405,-0.0242833295609354,-0.0725613474355748,0.206386633649463,0.312096794618615,0.197163180764592,0.0933901589892335,0.187437125503722,0.154499233812904,0.0420525260500489,1,0.0377292718724203,0.202473872664236,0.283803441108625,0.0187331091497351,0.128197781386293,0.0757132626660214,0.0921024455325685,0.0870769256613992,0.114735835791537,0.0481360529928216,-0.033225652297539,0.0677110975713021,0.0398418170085417,0.172580241948785,0.0761737660351032,0.0242781071197711,-0.00338297315790053,0.142989743981947,-0.0854470776168823,0.0399831991338477,0.00241740920838595,-0.0359242540793693,0.0247342301116207,-0.0604511223418272,-0.0162714465552371,0.258691344555586,-0.148937804235617
"32",-0.109109108067183,-0.0198844608700164,-0.0887143251345304,-0.192825351935596,-0.131599090326276,0.204044580982687,-0.0574459690677021,-0.0344588842901153,0.0267739726239787,-0.0185299176806803,0.0210387633551895,-0.125281969495709,0.112428512084979,-0.0771400781226317,0.0502772240050845,0.176248737867399,-0.00702309878912915,-0.0676353169710332,0.194883635333118,0.290033571938259,-0.00870205700355843,0.158714927552223,0.312202846747952,0.0735939419743094,0.0259774872278916,0.0332544233358669,0.0265738838316645,0.05209259315103,-0.102693445883605,0.0393689614029991,0.0377292718724203,1,-0.0615545858898927,-0.127464546970506,-0.161495373593219,-0.153237008048424,-0.0704448836797267,-0.0659617257078119,0.0539603157160828,0.0406395088452438,-0.187170415348499,-0.121133972222335,0.0501382895359299,0.113697076854887,-0.0405008630970198,0.0879855847387631,-0.0763479252354328,0.002726361840651,-0.0184830666449499,-0.144527934667694,0.038894301356306,0.171054636915092,-0.0236139122190989,-0.044555968549644,-0.067889531310587,-0.0973339763322641,-0.0579761830445917,0.182259886389064
"33",0.354386550228061,0.0711247369567899,0.13847432667642,0.111799313362701,0.0383544056473796,-0.00362501909602998,0.0109354991642054,0.00718455035048247,0.157521959188512,0.220421309410841,0.228502590831548,0.206533319010999,0.013188272857082,0.25126599760592,0.076907862903933,0.118762150040047,0.270609048187133,0.22333691509556,0.0344347904382473,0.00423542454872982,0.0768637509453032,-0.222819872097307,0.168754822525584,0.142282129875513,0.170270770299268,-0.030856686481067,0.0675033016654358,-0.128486780922248,-0.00944912401258213,-0.0255049231441762,0.202473872664236,-0.0615545858898928,1,0.16020125396063,0.0249718230809883,-0.0528135889505135,0.136254351793497,0.136429252389952,0.134946474237976,0.0116089301721207,-0.0583514918184416,-0.122535283057506,0.151310788707402,0.053594731773919,0.00719128551841101,0.0695530351709996,-0.00220983698657869,-0.198225090039226,0.0498087187248839,0.0363145608779741,0.232867573154009,0.187604867491166,-0.0602482565005439,0.143619493171714,0.00617552042963437,0.00418906969732095,-0.134105790876329,-0.106933302318317
"34",0.209575916988252,0.112377921566267,-0.0597998198113723,0.0493421744673094,-0.00027051042178769,0.0362580858759802,0.072650561416903,0.116912576594759,0.043002581814139,-0.0155484242443726,0.209324646084226,0.235597660169756,-0.0813925901492012,0.219018947782244,0.0247082929158186,-0.138116367116501,0.0808592241422591,0.150917548693585,0.269530200843757,-0.0267685596492062,0.0175774625078032,0.010759969098975,0.0351737519971574,0.0227193725225489,0.115126004395508,0.0292237452255554,-0.193318894418028,0.0442750066864177,0.080479878543207,-0.0277445244553264,0.283803441108625,-0.127464546970506,0.16020125396063,1,0.0726752418455061,0.137964732448243,-0.0268456800018553,0.137131484038923,0.125265002578381,0.276355291427264,0.104229050993188,-0.0590850442560337,-0.106051481174433,-0.0772411481565262,-0.112627313515197,0.0237976403877966,-0.0665205440973999,0.033527171964364,0.0543261957565174,0.00242726357637249,0.120860404025632,-0.0869829789851652,-0.103831720991902,0.0160305314293288,-0.0115352584728564,0.0716297731746817,0.198858472687794,0.0318725625198996
"35",0.231967904858459,0.102137477877878,0.103685525372814,0.00758898894709843,-0.0118251903389833,-0.0319253649040913,0.197456182265971,-0.215653150812521,0.185442133870556,-0.0762102623153312,0.081900537272496,0.00691233196997953,-0.0855471219876638,0.024262286080459,-0.131822894508892,-0.071309215671186,0.0389306773960444,-0.0137663532182852,0.0190802846239542,-0.237788714110746,-0.0128475034050136,-0.0476859190661128,0.159895701393863,0.050054152415348,0.0910824856749307,0.0499582382997574,-0.0555120240297767,-0.0119103183605608,-0.0627218722211024,-0.19443200148564,0.0187331091497351,-0.161495373593219,0.0249718230809883,0.0726752418455061,1,0.126069580898979,0.27991376630189,0.142483670447313,-0.0985116469162077,-0.112940369731242,0.0470465794798122,-0.0693596142620291,0.0650269796874657,-0.0232059385375363,0.0597600986947657,0.0396531651210195,0.107563933894654,-0.208118426375981,-0.0759784972613379,-0.061458825687125,0.0132608302832877,-0.0701388185090752,0.11769725854174,-0.111459677773253,0.141058356405065,0.12184556811413,-0.101752332667633,-0.111580135437677
