"","l_Insular.Cortex","r_Insular.Cortex","l_Amygdal.Area","r_Amygdal.Area","l_Bed.Nucleus.of.the.Stria.Terminalis","r_Bed.Nucleus.of.the.Stria.Terminalis","l_Hippocampus","r_Hippocampus","l_Orbitofrontal.cortex","r_Orbitofrontal.cortex","l_Entorhinal.Cortex","r_Entorhinal.Cortex","l_Frontal.Association.Cortex","r_Frontal.Association.Cortex","l_Globus.Pallidus","r_Globus.Pallidus","l_Glomerular.Layer.of.the.Accessory.Olfactory.Bulb","r_Glomerular.Layer.of.the.Accessory.Olfactory.Bulb","l_Glomerular.Layer.of.the.Olfactory.Bulb","r_Glomerular.Layer.of.the.Olfactory.Bulb","l_Granule.Cell.Level.of.the.Cerebellum","r_Granule.Cell.Level.of.the.Cerebellum","l_Hypothalamic.Region","r_Hypothalamic.Region","l_Entorhinal.Cortex","r_Entorhinal.Cortex","l_Vermix.Molecular.Layer.of.the.Cerebellum","r_Vermix.Molecular.Layer.of.the.Cerebellum","l_Lateral.Molecular.Layer.of.the.Cerebellum","r_Lateral.Molecular.Layer.of.the.Cerebellum","l_Anterior.Olfactory.Bulb","r_Anterior.Olfactory.Bulb","l_Posterior.Olfactory.Bulb","r_Posterior.Olfactory.Bulb","l_Subiculum","r_Subiculum","l_Perirhinal.Area","r_Perirhinal.Area","l_PreLimbic.System","r_PreLimbic.System","l_Primary.Cingular.Cortex","r_Primary.Cingular.Cortex","l_Primary.Motor.Cortex","r_Primary.Motor.Cortex","l_Retrosplenial.Cortex","r_Retrosplenial.Cortex","l_Secondary.Cingular.Cortex","r_Secondary.Cingular.Cortex","l_Secondary.Motor.Cortex","r_Secondary.Motor.Cortex","l_Striatum","r_Striatum","l_Ventral.Tegmental.Area","r_Ventral.Tegmental.Area","l_Substantia.Nigra","r_Substantia.Nigra","l_Thalamus","r_Thalamus"
"1",1,0.235731434406715,0.0117763078522655,0.208725869929427,-0.0622138451440729,0.0724925271127475,0.0181978445185273,-0.155207153247365,0.0488908468330077,-0.0872535456156017,0.0906639378928883,0.294729224649193,-0.0609189000364614,0.0132558783148662,0.163051828640417,0.145840380635554,-0.0473898790102212,-0.0322274836418684,-0.0937687924078509,-0.0608723573369989,0.0521741043818612,0.115389823891082,-0.0140198006137997,-0.144519900766895,-0.113834115511249,-0.132186459126542,-0.0344430183416933,-0.340634512800319,0.118083126425413,-0.178510709907646,-0.116259774230582,-0.0779224148590446,0.00582602669753626,0.066278232979163,0.0667116709711315,-0.0836302429079756,-0.0386774105332777,0.00516977929097552,0.173131402755312,-0.00442060384865503,0.0984681357631336,0.0103709671317313,0.0201862896614104,-0.151431802402943,-0.0615831945330307,0.0685307157322962,0.219647469295479,0.0816600822281858,0.0913603288695041,-0.068276216622486,0.0996863871418389,0.178462382200977,0.0075356206425244,0.0301279820746849,0.0386546635358149,0.04015484276092,0.0368389006607376,0.0306965665268931
"2",0.235731434406715,1,-0.0164157717752704,0.146538056349872,-0.178958360135101,-0.0169072659051526,0.00189359885680254,-0.102875549732624,-0.0853372041326472,0.0623941700281758,-0.0781856714931788,0.382613497171773,-0.0379594168435619,0.0589852560160357,-0.00057776212414119,0.205457261822411,0.0388049110536486,0.0610909144621864,-0.0233715211341495,-0.054751483988053,0.0349049763542082,0.0886166465669037,0.0163205241297727,-0.199569616977648,0.0100736695244172,0.222367035041817,-0.0254867777244839,-0.0689479671822263,0.0371794422916768,-0.0352266911515113,0.0315053042152647,-0.0385864713472897,-0.0173371152554463,-0.0628060240350266,-0.123347023749467,0.0673939104581458,-0.111088386232811,0.084865426704333,-0.0139068006327614,0.209180203793086,0.0884272525918659,0.195179694677815,-0.0136902534447533,0.0161365935924194,-0.159339652967401,0.126260665854193,0.120780837801812,0.00898157434989838,0.0743316217964231,0.144193746071869,-0.114958074922769,0.0543868135163919,0.136897408124585,-0.0281005026381151,-0.150110903100969,0.14209958336072,-0.0378291300348315,-0.00780297111867893
"3",0.0117763078522655,-0.0164157717752704,1,-0.0210581181052907,-0.021315855148983,-0.0735916625353831,0.00552702939929255,0.24013470951384,0.136818222235064,0.0373463934858693,0.154990722834285,0.0867233533185941,0.0593538024128129,0.0743314407350458,0.125536932235908,0.0506936269536191,0.0434091665101226,0.0329907467023354,-0.0214527913511249,0.00334864236626323,0.00165386642753209,-0.128105079081539,0.250983629388122,0.055857436034458,0.332243792973412,0.13156128138126,-0.0277401387696957,-0.0469367453238754,-0.0681581023648506,0.0551015403107296,-0.116018862297553,-0.019168481966393,-0.0866812005762214,0.102346245810177,0.269316801090269,0.0472686580481737,0.0688299622097284,-0.107147529301654,0.150980225585019,0.171989136342384,0.167929567841186,0.0784549642785582,0.222413015171929,0.0272947535652189,-0.0537214432686862,0.0174098886430446,0.0799024279774465,-0.15524081960242,0.159938650388234,0.153178135954086,-0.0522058941454622,0.0152268170724833,0.0217483749717003,-0.0328412999078489,0.208300300754135,0.117851323949591,-0.0599880718412033,0.00085370126996486
"4",0.208725869929427,0.146538056349872,-0.0210581181052907,1,-0.0637032264236515,0.0943098711206985,0.105130240506504,-0.11139027394826,-0.069600201148688,-0.101422089142626,-0.147489291744857,0.139715065973524,-0.0771878725557738,0.0505631131647561,-0.0562399234180629,-0.0231379120244146,-0.0104154178125957,-0.141642643528037,-0.203664705309546,0.0259782405811416,-0.09277646145273,0.0742214263466208,0.00303157219553218,-0.0514061136281076,-0.00346879926501971,0.180664131518384,0.008948792879509,-0.0801774033320008,-0.0437944519006921,0.0188062980061564,-0.00240180095559412,-0.0439514907707038,-0.0307556160868819,-0.216022361597401,0.0333520676496512,-0.00054933634289743,-0.143168873313135,0.0583027044595035,0.240836997685451,-0.0466735302729853,0.0291377929648933,0.0981538521741558,0.0603365608179216,-0.0264392705419575,0.0287313513401097,-0.0530341425591816,0.035531696084906,0.103260649145718,0.154207886206723,-0.0932366419969418,0.107536343917352,0.0108771079512031,0.096225496094459,-0.147875458076991,-0.0303583132782654,0.0717465159440659,0.146934879392026,-0.119734903447988
"5",-0.0622138451440729,-0.178958360135101,-0.021315855148983,-0.0637032264236515,1,0.159949738744097,-0.0621817374081936,-0.0994073188304428,0.128357106746422,0.0903707019833765,0.0127966694114668,-0.0335103483118002,-0.0111611537067999,0.278706456351579,0.199434169541936,0.0461757471046594,0.092206127893574,0.0596107604214256,-0.222944793307004,0.0519881047467024,0.00110460251767285,0.00174716254907647,0.152741252489104,-0.202482049334466,0.0329541384475932,0.0306192250057638,-0.0673289361515561,-0.113508126616687,-0.168553945171248,-0.0145597604488966,-0.117256318345169,-0.0480829930712476,0.158527629253754,0.0706618190808593,-0.163534118213207,-0.0727223927323647,-0.160529986432,-0.0690549280619964,-0.00397478009072962,0.0531927864287814,0.20543512895643,0.128904835796059,-0.0356074180313158,-0.155420705036288,-0.157268700188306,0.0171814343674835,0.0794254027165481,0.0131784151057544,0.0944915299935594,0.0704791030736325,0.195368308358868,0.0203740857217129,-0.00134633118951589,-0.0872051174617025,0.0434526092051088,0.0752423826207104,0.178582297935155,0.0517836297248575
"6",0.0724925271127475,-0.0169072659051526,-0.0735916625353831,0.0943098711206985,0.159949738744097,1,0.173334944140562,0.0247331866682423,0.135059417685172,0.0397623830553564,0.0746100205551641,-0.114539822522658,0.0173219450131213,0.134273552820452,-0.0386581631285964,0.124111029280597,0.0842396127844973,-0.043868344005089,0.0130145365460322,0.0111928526266959,-0.0546090393640063,0.0532091930454119,-0.0608440078074082,-0.0432430927819368,-0.00930784511794989,0.131844530765685,-0.0677675939653323,-0.0329404117450986,0.069303836761814,-0.00569602049527335,-0.0285849463049894,0.0582426596983924,0.0172073446287615,-0.126109562300015,-0.155780493545331,0.143600689274034,-0.115089936559465,0.165416950446458,0.00789285672928481,-0.0294541436941882,-0.0553569509289763,0.0492827836911911,-0.17221398846631,-0.336458598505443,0.104620171845153,-0.101200352733075,0.0450752977090343,0.0731431611438523,0.0609741934271055,-0.0337603721377415,0.158623587919743,0.133286161007729,0.18280635381652,-0.0677691709654602,-0.134586763426155,-0.056777336854204,0.227753741579569,0.240258064830043
"7",0.0181978445185273,0.00189359885680254,0.00552702939929255,0.105130240506504,-0.0621817374081936,0.173334944140562,1,0.159323793641727,0.0761508014466688,0.0498835744128831,-0.047823239960524,-0.0866412412300673,0.068273426655097,0.0957392189919092,-0.109599248756401,0.106723773617456,0.213067032626213,0.123613019320752,0.0722602001105359,0.103092490515847,-0.0937175901446082,0.0576888907314426,-0.0104632224976937,0.0004493969837605,0.149496645098238,0.0950076687878897,0.117990466290435,-0.00726074411965907,0.156292020905007,-0.0664470372613716,0.053612051394813,-0.0223467071356778,-0.131638401854843,-0.174187742243943,0.0239626269599905,0.0659534177765942,-0.0943229560937852,0.0176247531863461,-0.0494561373313742,-0.0246705659552966,-0.246617301399273,-0.184463459216684,-0.0224291133791778,0.0232212641895116,-0.102082981024284,-0.0302185437450774,-0.0508771529750447,-0.0176587486502924,-0.00502354960561483,0.0016116912978725,-0.0820825004428545,-0.10579991480588,0.0430062686817131,-0.0431711526578499,0.0168855402618714,-0.0645295642873277,0.117751533641425,0.0523912639895178
"8",-0.155207153247365,-0.102875549732624,0.24013470951384,-0.11139027394826,-0.0994073188304428,0.0247331866682424,0.159323793641727,1,0.198919612250063,0.116541953981859,-0.0771549565398509,0.166533844191226,0.0780980380179896,0.102267308000431,-0.148641711050632,-0.159435807640817,0.121633562064811,0.147543166309048,-0.0300830301738307,0.061947431533524,-0.0132349590605199,0.128319422311029,-0.0908386962982244,0.0910719794126067,0.16867029029606,-0.0572115302058751,0.145372791080538,0.185343298631946,0.0717724905723598,0.249466690166227,-0.193330065622374,0.0458616453013885,-0.0099335217992827,0.0455187546513453,0.181162976119157,0.421826274029433,0.100566922602582,-0.0562413821325469,-0.0476413993943656,0.0752765005104244,-0.100425398417316,-0.0726687442588473,-0.0115301587380271,-0.102478079729234,0.117607911505623,0.0836126852390149,-0.109235756172547,-0.216662334666155,0.115032121980616,-0.0371652285720833,-0.196129263077233,-0.224025154767309,0.0167503982478701,-0.02074331844342,-0.0325094547940067,0.0448475807413121,0.0413826013991174,0.224773829695334
"9",0.0488908468330077,-0.0853372041326472,0.136818222235064,-0.069600201148688,0.128357106746422,0.135059417685172,0.0761508014466688,0.198919612250063,1,0.207182506065514,-0.0563195623035734,0.07896253744983,0.233926437002167,0.0954939502427106,0.193680354604099,0.0489944708051739,0.314792986216425,0.225835196875554,-0.0160105774501885,0.111704081604646,0.042587566301458,0.0863649230891371,-0.075695636166844,-0.0187217071500107,0.288827411226113,-0.00966396940527351,0.0298043357828925,-0.122759451033625,0.054242412447232,-0.106435180104123,-0.00032001225354216,0.100938123929622,-0.0272890529623956,0.136943672440824,0.172851279995603,0.151427964144265,-0.0308276013597889,0.067538932137331,0.168831046440852,0.21537021117892,0.184715012211126,-0.0445354365166617,0.202337479858915,-0.126634913775048,-0.0858046625778609,-0.111786592275149,0.00253847712179547,-0.022319869033793,0.365725106951108,0.171115790067936,0.173092323106719,0.141733084687037,0.116778881112772,0.030279234965663,-0.0452509872883117,0.171995824517939,-0.00614685771490661,0.106986387538811
"10",-0.0872535456156017,0.0623941700281758,0.0373463934858694,-0.101422089142626,0.0903707019833765,0.0397623830553564,0.0498835744128831,0.116541953981859,0.207182506065514,1,-0.0619794909726127,-0.0233531968820695,-0.0306685541862731,0.226940136868211,0.154371148650644,0.0114881093665641,0.078341690525832,0.126790942201771,-0.249308871779955,-0.0338165100418455,-0.047718347726379,-0.0191273034280544,0.199244117877239,0.015275720647696,0.10235855236847,0.0611517068334621,0.0766536045695272,-0.0619444961475542,-0.106590729233572,0.104810412995903,0.00666398345941852,-0.0315588823560879,0.161627756398238,0.0346267185347192,0.0843787291305522,-0.114083700913414,0.0504070075588514,0.0299163994516519,-0.0877320152650514,0.0579751013858728,-0.028127119740088,0.0244850943798051,-0.161911347242658,0.0928380345954832,-0.0235121238277142,-0.120214441588044,-0.0506968808564805,-0.0382111708716903,0.0196424805642446,0.192233080296263,-0.0866870174450543,0.133771863764172,0.246403251707163,0.026455965310102,0.00185985436024905,0.0995053776507643,0.0534303029607741,0.00333974892595339
"11",0.0906639378928883,-0.0781856714931788,0.154990722834285,-0.147489291744857,0.0127966694114668,0.0746100205551641,-0.047823239960524,-0.0771549565398509,-0.0563195623035734,-0.0619794909726127,1,0.13876378536749,-0.0479679447751964,-0.097120278055548,0.202226785983805,0.114273941245982,-4.50307517230796e-05,0.191638058513378,0.212146113326325,-0.071845403272473,-0.105969395533656,0.0106127932795374,-0.00956109326420337,-0.128374777311814,0.202899236339011,-0.128305760811991,-0.00592993370408901,0.0181292842792008,-0.123253155559184,-0.0395644249656838,0.0571929020118452,-0.0134940322908774,0.0803950667922006,0.115209160784908,-0.10315002855946,-0.102060788079048,0.100648550113033,-0.149338374297389,0.0867074854632129,-0.0299475418088637,0.141303740678062,-0.0795033081720296,0.0276022206663534,-0.0446176270265943,0.0808336629365224,-0.143719621130813,0.0300721904017022,-0.189081172807994,-0.00913894333858864,-0.0256255898271762,0.0433618685614097,0.00285188390086705,0.0254574305989656,-0.00042076963192385,-0.0969005787769575,-0.127282389780294,-0.153056933567149,0.031983353712026
"12",0.294729224649193,0.382613497171773,0.0867233533185941,0.139715065973524,-0.0335103483118002,-0.114539822522658,-0.0866412412300673,0.166533844191226,0.07896253744983,-0.0233531968820695,0.13876378536749,1,-0.0608805812591603,-0.0516309236884515,0.179970145150251,0.107154916094113,0.0570738464416268,0.154204116091853,-0.128052499403389,-0.00692777847140123,-0.145072385284883,0.20100455824341,-0.0477395242344041,0.00950567289909928,0.145753788971696,0.0704946285349398,-0.0513010473506476,-0.129510204239981,0.00043096231029134,0.0150049053631292,-0.254638843418124,-0.0394325066949934,-0.0473239128670326,0.282534624686009,0.0171430213550241,0.247468766570871,0.0254976581405285,0.0946082508401696,0.0635041554541599,0.124274450065936,0.166649033250078,0.0740989432250767,0.0235403942142581,0.0476548907888239,-0.035377544102423,0.109337918639894,0.132162209874122,-0.0475967742759627,0.0244302707443054,-0.00592136289755861,0.151233606000808,0.189972436165135,0.0707977622567324,0.0640412364675591,-0.0947799970412616,0.118192146945938,-0.0538868227462753,0.072303951328857
"13",-0.0609189000364614,-0.0379594168435619,0.0593538024128129,-0.0771878725557738,-0.0111611537067999,0.0173219450131213,0.0682734266550971,0.0780980380179896,0.233926437002167,-0.0306685541862731,-0.0479679447751964,-0.0608805812591602,1,0.0696884868023109,0.161666073975356,-0.0118031453216527,0.233856924833887,0.131101191952626,-0.0321950804234193,-0.0535192867948639,0.28581939371025,0.153662843545676,-0.0210977824944262,0.0729908008668243,0.0418497431368357,-0.148279713993523,-0.113274163392374,0.260102574059461,-0.0517529679838915,0.0480560309277613,-0.143109470443662,0.138472128698584,-0.019455991619134,-0.0157572010295434,0.121115463030404,0.0129578551316381,0.0582707343159799,-0.299739599075257,0.0084769152407812,0.0880682655588009,0.114245565668021,0.0891978898969509,0.0341409201058731,-0.159049846170187,-0.0280819264408405,0.0397929317584972,0.178162307367792,0.0328933768330582,0.322878338307396,0.147000659724814,0.0517128055413899,-0.00808453709680526,0.0637434412893707,-0.00907485591663475,-0.0769670035258035,0.186285514372765,0.0509497577196369,0.163378699712486
"14",0.0132558783148662,0.0589852560160357,0.0743314407350458,0.0505631131647561,0.278706456351579,0.134273552820453,0.0957392189919092,0.102267308000431,0.0954939502427106,0.226940136868211,-0.097120278055548,-0.0516309236884515,0.0696884868023109,1,0.248144798956174,0.0309373953405136,0.0339213571618727,0.17105318080632,-0.0845786313330624,0.186652917256009,0.0555076598130509,-0.0384787735939407,0.0647367201197375,-0.212758172452735,0.0390308686139841,0.00314887875173027,-0.0623737209561666,0.0217803113923873,-0.124902864586544,-0.0313230732189516,-0.029223578661296,0.280602189703918,-0.0145133538269229,-0.0503574822678767,0.0330107883356666,0.143731835012226,-0.174152230210602,0.0463092422765705,-0.17397967470454,-0.134271190998934,-0.00251165780086752,-0.0177627616417716,-0.143384295293877,-0.124163442835566,-0.0615872331726531,-0.0762819967383241,0.146446860603132,-0.0638101485869683,0.113433779498888,0.485983250089492,0.12718620168099,0.070574802641488,0.219203055258897,0.01734177826427,0.0229094931178651,-0.0261119953467813,-0.0683963154921077,-0.0206936445761745
"15",0.163051828640417,-0.00057776212414119,0.125536932235908,-0.0562399234180629,0.199434169541936,-0.0386581631285964,-0.109599248756401,-0.148641711050632,0.193680354604099,0.154371148650644,0.202226785983805,0.179970145150251,0.161666073975356,0.248144798956174,1,0.115992588953882,0.00983336393521331,0.221919377127054,-0.188341370297944,0.0373743833668893,-0.0261649401356734,-0.0361974691832709,0.0502723757809113,-0.0496102993251225,0.131982274092231,0.0684267503024155,0.0676443229541367,0.00218151405432077,-0.159097425566608,-0.0504725254391452,-0.00388981713357546,-0.0307369605238022,-0.0217372588898108,-0.0631603582742558,-0.095567775005553,-0.18479754632167,-0.0670448138980441,-0.0546505650817292,-0.163073638331818,-0.112954696723478,0.217016423882965,-0.0436875031900599,0.147207336958131,-0.0685805612405542,-0.134451618287605,-0.16706278081986,0.117716158292076,0.0397357564682881,0.181857259855982,0.124140998361783,0.415037983096749,0.306541791083881,0.158606167774814,-0.0411854377540267,0.0463810172678097,0.163019671952564,-0.178461422405284,-0.0205355937735668
"16",0.145840380635554,0.205457261822411,0.0506936269536191,-0.0231379120244146,0.0461757471046595,0.124111029280597,0.106723773617456,-0.159435807640817,0.0489944708051739,0.0114881093665641,0.114273941245982,0.107154916094113,-0.0118031453216527,0.0309373953405136,0.115992588953882,1,0.0540653716990119,-0.0563182890861554,0.0569096610049629,0.0502942442374655,-0.168908817655627,0.0391884575767159,-0.0461520879917661,-0.195297447288079,0.253554359037587,0.179780275243494,-0.105809670295675,-0.163109120278035,0.0568939432879886,-0.0394531510567731,0.0639842610156499,0.0221997291775465,-0.060045480683589,0.0712400154538853,-0.177287712079221,0.098909356488896,-0.131756233669006,-0.0336105045611213,-0.00051715548913543,0.0786638779157807,0.224397847133761,0.0526077653866408,-0.188200015753983,-0.103339657043403,-0.259467560019266,-0.0154075691216585,0.126745143410666,-0.0698627173588827,-0.019054310167792,-0.098055745830428,0.210951687395261,0.252360684937121,-0.0106622127036779,-0.264412250304013,0.00583989005889945,-0.0323952910049801,-0.00644499432283737,-0.133059612823783
"17",-0.0473898790102212,0.0388049110536486,0.0434091665101227,-0.0104154178125957,0.092206127893574,0.0842396127844973,0.213067032626213,0.121633562064811,0.314792986216425,0.078341690525832,-4.50307517230796e-05,0.0570738464416268,0.233856924833887,0.0339213571618727,0.00983336393521331,0.0540653716990119,1,0.166088348036822,0.0991743661030433,-0.0976418455665446,0.16274285392823,-2.81210685336938e-05,0.0320446404528377,0.0680032199216809,0.199741961885833,0.102011789307044,0.130425336146496,0.0573531732947662,0.078875563456463,0.140553493729341,0.20105594131131,-0.00557735509496128,-0.0473738011730315,0.0124145956403278,0.0432196102488896,0.125087594300376,-0.119539630088116,-0.0266872019843653,0.0931815044227484,0.0999004908006208,0.043780491825702,0.0624925395125683,-0.0166468396578929,-0.104005795747784,-0.161389509347046,-0.0686403299238617,-0.0823527151849944,-0.0862280065439515,0.282987522555991,0.243133081130495,0.099619233240602,0.120641806661128,0.202202676640285,0.025757337427084,0.120248774037743,0.118168924822116,-0.0535797989574161,0.188837626939652
"18",-0.0322274836418684,0.0610909144621864,0.0329907467023354,-0.141642643528037,0.0596107604214256,-0.043868344005089,0.123613019320753,0.147543166309048,0.225835196875554,0.126790942201771,0.191638058513378,0.154204116091853,0.131101191952626,0.17105318080632,0.221919377127054,-0.0563182890861554,0.166088348036822,1,-0.11685764373746,0.0397722950162286,0.0483824108237681,0.103690883498818,-0.0199273152693039,0.0660545125123002,0.19979297584871,-0.114261506277142,0.26765701047045,0.114349792043145,0.0427922343588934,0.0614046787150561,-0.156840912151133,0.296956013449297,-0.0932284869040954,-0.0335168477732299,-0.0293442460562088,0.0989354612961662,0.10920734844381,-0.0164905643422361,-0.138674410815412,-0.030415430612721,-0.0616532525086453,-0.090473025254269,0.082252838055266,0.0921906698777164,-0.134586573297367,-0.0962780524866566,-0.0802182469883483,-0.206858895093586,0.0712313379204655,0.305725871335217,0.0320001331205098,0.0981345171962074,0.192539451556978,0.122950522089655,-0.00658904725520877,0.182910128395536,-0.105439770552644,0.0493099344082204
"19",-0.0937687924078509,-0.0233715211341495,-0.0214527913511249,-0.203664705309546,-0.222944793307004,0.0130145365460322,0.0722602001105359,-0.0300830301738307,-0.0160105774501885,-0.249308871779955,0.212146113326325,-0.128052499403389,-0.0321950804234193,-0.0845786313330624,-0.188341370297944,0.0569096610049629,0.0991743661030433,-0.11685764373746,1,0.0983950674415161,0.0588273304896749,0.0965505669125318,-0.173590390564132,-0.082261760826051,0.0461043179190999,-0.0827831695872275,-0.125406705050133,-0.00382851762345694,0.176208414009081,-0.0313614526830606,0.225997866666889,0.0947630719862482,0.0744846388244974,0.12835791739096,-0.127840032546869,-0.0707049207369873,-0.00158755541039024,-0.171810560580897,0.0145355715357159,-0.00940802560052492,-0.0849186555303426,-0.116452131627886,0.138002144479044,-0.00573858727224123,-0.120874036075423,-0.113455597493625,-0.158061659199392,-0.0518947272638976,-0.0701857608191398,-0.0318547918987201,-0.125625021835865,-0.139718792063188,-0.108939611594834,-0.00198706075629483,-0.194137890908748,-0.218422135034476,-0.169205977155942,0.00965774791489978
"20",-0.0608723573369988,-0.054751483988053,0.00334864236626323,0.0259782405811416,0.0519881047467024,0.0111928526266959,0.103092490515847,0.061947431533524,0.111704081604646,-0.0338165100418455,-0.071845403272473,-0.00692777847140123,-0.0535192867948639,0.186652917256009,0.0373743833668893,0.0502942442374655,-0.0976418455665446,0.0397722950162286,0.0983950674415161,1,-0.0200956580319501,-0.157940371906405,-0.0550734181634556,0.111578440897129,-0.100467237800852,-0.123417471201613,-0.0600096293545894,-0.0786598535696382,-0.101101279269028,0.0298822105140611,0.0807727207071442,0.236074472144227,-0.105304806124,0.165787998087616,0.0959985561196615,-0.0272960778471139,-0.0129050568220235,0.190524980999818,-0.136447517893964,-0.117080269530283,-0.100046667150749,-0.161495067231248,0.058677526905045,-0.0694317862288911,0.168464289371819,-0.0708716091512009,0.0177953957986523,-0.0221400822150098,-0.0152601792834351,-0.0425026220832892,0.0436751237993332,-0.257927954683557,-0.231630495859126,0.0406180445699758,0.00772232693612555,0.0669022313974489,0.212006856829529,-0.0418579369243535
"21",0.0521741043818612,0.0349049763542082,0.00165386642753209,-0.09277646145273,0.00110460251767285,-0.0546090393640064,-0.0937175901446082,-0.0132349590605199,0.042587566301458,-0.047718347726379,-0.105969395533656,-0.145072385284883,0.28581939371025,0.0555076598130509,-0.0261649401356734,-0.168908817655627,0.16274285392823,0.0483824108237681,0.0588273304896749,-0.0200956580319501,1,0.194171966228854,0.0628352362414146,0.117422521691387,-0.0296586246737709,-0.0555944058651745,0.110512658355455,0.191443074367791,-0.064792027938762,0.0783688167524301,0.0192614395687039,0.109097980967308,0.0260094392307666,-0.0540612568307703,-0.0992120117412184,-0.017425245506728,-0.0564586746156322,-0.106438737272615,-0.0972354007668497,-0.0570311979574609,0.255204220306022,0.236474991760009,0.0433095181662017,-0.0583559331317945,0.0380289900896136,-0.0275320417603725,0.0440186539416728,0.102863145271921,0.199265314902993,0.254502512717386,0.0647883156034782,0.0427540417741872,0.0139774691898559,0.0514354906399467,0.0924445023224629,0.0390619594995975,0.162409695059618,0.197729523244307
"22",0.115389823891082,0.0886166465669037,-0.128105079081539,0.0742214263466208,0.00174716254907647,0.0532091930454119,0.0576888907314426,0.128319422311029,0.0863649230891371,-0.0191273034280544,0.0106127932795374,0.20100455824341,0.153662843545676,-0.0384787735939407,-0.0361974691832709,0.0391884575767159,-2.81210685336938e-05,0.103690883498818,0.0965505669125318,-0.157940371906405,0.194171966228854,1,-0.0366955058952627,0.0233004778515122,-0.0534571909360035,0.00733897572185356,-0.0487247684461787,-0.0305168278784992,0.120584469771695,0.159047601611665,-0.0697443935362924,0.140623078578042,0.141393796831794,-0.0590653228758516,-0.124559474165884,0.0992861771800478,0.0140086119142679,-0.0601942869653292,-0.0410103547809762,0.0803445257282957,-0.00147649161329943,0.104926704240423,-0.0512775506401206,0.0329849021325399,0.0224922160789549,0.0703941137734902,-0.0753537786632782,0.0477372322095248,0.046129552570543,-0.0102867164890227,-0.00973323785981432,-0.0116484085575783,0.0211819161554908,-0.100859326179485,-0.220664575304198,0.0515342465954444,0.0889081359799405,0.0410812372535243
"23",-0.0140198006137997,0.0163205241297727,0.250983629388122,0.00303157219553218,0.152741252489104,-0.0608440078074082,-0.0104632224976937,-0.0908386962982244,-0.075695636166844,0.199244117877239,-0.00956109326420337,-0.0477395242344041,-0.0210977824944262,0.0647367201197375,0.0502723757809113,-0.0461520879917662,0.0320446404528377,-0.0199273152693039,-0.173590390564132,-0.0550734181634556,0.0628352362414146,-0.0366955058952627,1,0.0710474455461137,0.053272791211358,0.240514937858144,0.104096511683826,0.00139562577601718,0.145027043054626,0.115584934132276,0.0421364673056542,-0.0897575817137996,-0.0493470033630728,0.0514444083510688,0.0827523709909797,-0.178855336060435,0.0568049855164243,-0.0975227244345344,-0.107171887394632,0.0622731341490553,0.102291271861496,0.0873945331632471,0.0879208409186824,0.0206324229706513,0.0364896708984889,-0.0774538220628557,0.202748074535917,0.142238924974747,0.0465498401697949,0.119455864708806,-0.0287561082282984,0.0843832272393054,0.0500825213734544,-0.0413011156005076,0.133912847549659,0.132405240228771,0.0302998815806364,0.179372772124246
"24",-0.144519900766895,-0.199569616977648,0.055857436034458,-0.0514061136281076,-0.202482049334466,-0.0432430927819368,0.0004493969837605,0.0910719794126067,-0.0187217071500107,0.015275720647696,-0.128374777311814,0.00950567289909928,0.0729908008668243,-0.212758172452735,-0.0496102993251225,-0.195297447288079,0.0680032199216809,0.0660545125123002,-0.082261760826051,0.111578440897129,0.117422521691387,0.0233004778515122,0.0710474455461137,1,-0.0448509420558446,0.0385937611036619,0.165171633790018,0.156925993136846,0.0503496947217491,0.0828442236668718,-0.00826080176065131,0.00085278087676566,-0.207947080177798,-0.0395920007842574,0.0524510241146985,0.0256376115112033,0.0782431745682449,-0.0665682277340069,-0.0476020521092396,-0.110489775846494,0.0355740792628711,0.0836088996795096,0.00027693120725193,0.0710182997842784,0.239728350565147,0.0920709619279907,0.0375076506204053,0.132846666311453,-0.145435806258936,-0.0359183659930806,0.0569989616626606,-0.033826643287487,-0.0464160178794669,0.0353283633479654,0.0478436360094728,-0.0133242661264599,-0.0194066520555301,0.01064923602
"25",-0.113834115511249,0.0100736695244172,0.332243792973412,-0.00346879926501971,0.0329541384475932,-0.00930784511794989,0.149496645098238,0.16867029029606,0.288827411226113,0.10235855236847,0.202899236339011,0.145753788971696,0.0418497431368357,0.0390308686139841,0.131982274092231,0.253554359037587,0.199741961885833,0.19979297584871,0.0461043179190999,-0.100467237800851,-0.0296586246737709,-0.0534571909360035,0.053272791211358,-0.0448509420558446,1,0.228844023337687,0.0172167599599985,0.0600045199482869,0.0724096311489446,0.130344661791422,0.0459581334944891,0.00940015215030183,-0.0620385036675989,0.029713676040099,0.043829663487821,0.211521222043533,0.0965474277217273,-0.0201167667296868,0.133427828843027,0.0966775430009636,0.238768440941726,0.139171315844967,0.129716527931258,0.0275726538131343,-0.215568949717536,-0.0469342579667973,-0.0334677186538434,-0.0259526961508195,0.19076573448667,0.144860604959662,0.241977599416378,0.225044928802968,0.0755387702625271,-0.0718878814393817,0.134992671681748,0.188517966675677,-0.0720551593018712,-0.0232225341720242
"26",-0.132186459126542,0.222367035041817,0.13156128138126,0.180664131518384,0.0306192250057638,0.131844530765685,0.0950076687878897,-0.0572115302058751,-0.00966396940527351,0.0611517068334621,-0.128305760811991,0.0704946285349398,-0.148279713993523,0.00314887875173027,0.0684267503024155,0.179780275243494,0.102011789307044,-0.114261506277142,-0.0827831695872275,-0.123417471201613,-0.0555944058651745,0.00733897572185356,0.240514937858144,0.0385937611036619,0.228844023337687,1,0.0585983218329171,0.0448816222054834,0.0243560139100778,-0.0452310784293402,0.0155836929281858,-0.11631184469554,0.0116168000894637,-0.123442720649686,-0.057555207628809,0.107564042433748,-0.0485349972685996,0.0479311018392111,0.0462127285834535,0.126643135845132,0.121203699143704,-0.00368479845727196,0.0218459390999562,0.0131726981912862,-0.0624887217074751,0.0840472994339697,-0.0101270474285723,0.0953895014608397,0.0247789733072426,0.0385361070016673,0.0320635923245856,0.15015036912578,0.156680953464218,-0.0348475600062411,0.124720184831453,0.115103741271002,-0.0252116510003183,-0.0135647945121601
"27",-0.0344430183416933,-0.0254867777244839,-0.0277401387696957,0.008948792879509,-0.0673289361515561,-0.0677675939653323,0.117990466290435,0.145372791080538,0.0298043357828925,0.0766536045695272,-0.00592993370408901,-0.0513010473506476,-0.113274163392374,-0.0623737209561665,0.0676443229541367,-0.105809670295675,0.130425336146496,0.26765701047045,-0.125406705050133,-0.0600096293545894,0.110512658355455,-0.0487247684461787,0.104096511683826,0.165171633790018,0.0172167599599985,0.0585983218329171,1,0.0595631037500538,0.0813113615930671,-0.13144134826352,-0.0387140849054988,-0.183089965152452,-0.244233260531713,-0.171402199968574,-0.0718838841950176,0.045058996024381,-0.0608046207953026,-0.00234981096099489,-0.139070348176737,-0.144438617988425,0.146270362428851,0.0710712883312938,0.116755609820543,0.141313978841661,0.0379649256964309,-0.207656338425416,0.0324068801277573,-0.0410276658345614,0.119969029881245,0.0844796642879448,-0.0970450717552167,0.0586125079233651,-0.0342740867231854,0.0264402238550215,0.0839705437240287,0.13833585403727,-0.232545466210876,0.0986991248927246
"28",-0.340634512800319,-0.0689479671822262,-0.0469367453238754,-0.0801774033320008,-0.113508126616687,-0.0329404117450986,-0.00726074411965907,0.185343298631946,-0.122759451033625,-0.0619444961475542,0.0181292842792008,-0.129510204239981,0.260102574059461,0.0217803113923873,0.00218151405432077,-0.163109120278035,0.0573531732947661,0.114349792043145,-0.00382851762345694,-0.0786598535696382,0.191443074367791,-0.0305168278784992,0.00139562577601718,0.156925993136846,0.0600045199482869,0.0448816222054834,0.0595631037500538,1,0.103689016065905,0.0700110347732455,-0.0499375437715513,-0.0656812961691574,-0.0884305804327846,-0.0719502342211448,-0.176502923816348,0.0300570900433485,-0.0805028190014199,-0.186702605939385,-0.133242618567095,-0.121545143694919,-0.00768064619826145,0.00920778346466756,0.133213798896474,0.0701896401548588,0.0607994262881794,0.0388983221115278,0.039148578329497,-0.057266609108416,0.0618003814871577,0.134160571966439,0.0215021534193301,-0.163424268190594,0.0685753578062384,0.0293480628208677,-0.0227791186373298,-0.0334507679854481,-0.0251803403006921,0.254420331875778
"29",0.118083126425413,0.0371794422916768,-0.0681581023648506,-0.0437944519006921,-0.168553945171248,0.069303836761814,0.156292020905007,0.0717724905723598,0.054242412447232,-0.106590729233572,-0.123253155559184,0.00043096231029134,-0.0517529679838915,-0.124902864586544,-0.159097425566608,0.0568939432879886,0.078875563456463,0.0427922343588934,0.176208414009081,-0.101101279269028,-0.064792027938762,0.120584469771695,0.145027043054626,0.0503496947217491,0.0724096311489446,0.0243560139100778,0.0813113615930671,0.103689016065905,1,-0.0616473865311983,0.0422545538346892,0.0279353970904185,-0.0401421337433385,-0.0653052033621694,-0.0605398608662571,0.093070579073096,-0.017855967499283,-0.0211545595046592,-0.00362447236538787,0.0297516454652054,-0.14622586376242,-0.0451962735456171,0.0474200959091697,0.180743380943317,-0.14176809138812,-0.0550272047420623,0.156946633190596,0.0461759929510867,-0.051414740829266,-0.0087435084083945,-0.145617438397544,0.0273612220852909,0.0397491512081817,0.00539742611883937,0.107827202209085,-0.0868712825615551,-0.185826559723492,0.04857831435878
"30",-0.178510709907646,-0.0352266911515113,0.0551015403107296,0.0188062980061564,-0.0145597604488966,-0.00569602049527335,-0.0664470372613716,0.249466690166227,-0.106435180104123,0.104810412995903,-0.0395644249656838,0.0150049053631292,0.0480560309277613,-0.0313230732189516,-0.0504725254391452,-0.0394531510567731,0.140553493729341,0.0614046787150561,-0.0313614526830606,0.0298822105140611,0.0783688167524301,0.159047601611665,0.115584934132276,0.0828442236668719,0.130344661791422,-0.0452310784293402,-0.13144134826352,0.0700110347732455,-0.0616473865311983,1,0.0440634730561692,0.227287201818569,0.136137674688899,-0.0350338262412105,0.191853481315725,0.071754926692483,0.182283319299278,0.0269465519201572,-0.166016577975955,-0.0754714267340127,0.00973827467542331,0.161176715987513,-0.251620972649062,-0.123364774627097,0.0936859157317113,0.0110813925075981,-0.189454460514487,-0.154877425067703,-0.0607438374088908,-0.0789104749507809,-0.0481538357445562,-0.0957925404232645,0.103520504628776,-0.124447835350609,0.0408732500139747,0.0779214694197949,0.0901001480957041,0.0405592072640811
"31",-0.116259774230582,0.0315053042152647,-0.116018862297553,-0.00240180095559412,-0.117256318345169,-0.0285849463049894,0.053612051394813,-0.193330065622374,-0.00032001225354216,0.00666398345941852,0.0571929020118452,-0.254638843418124,-0.143109470443662,-0.029223578661296,-0.00388981713357546,0.0639842610156499,0.20105594131131,-0.156840912151133,0.225997866666889,0.0807727207071442,0.0192614395687039,-0.0697443935362924,0.0421364673056542,-0.00826080176065131,0.0459581334944891,0.0155836929281858,-0.0387140849054988,-0.0499375437715513,0.0422545538346892,0.0440634730561692,1,0.124779220269977,-0.159496516452887,-0.0335814225980615,0.0323981845932668,-0.128152160824154,0.0162929288581605,0.0788816557243417,-0.0224114793325139,-0.238908643502091,-0.0836479142647097,-0.054272432712581,-0.0593376059715213,0.0708702095738136,-0.0418637745977071,-0.139301811685941,-0.158039150006554,0.00771744692473093,-0.187081647711049,-0.0383517954913065,0.0509311593178933,-0.0545838855163517,-0.0765086704388977,-0.0919437835806106,-0.0137720536715707,-0.100747932747811,-0.189415124250535,-0.0641722109892318
"32",-0.0779224148590446,-0.0385864713472897,-0.019168481966393,-0.0439514907707038,-0.0480829930712476,0.0582426596983924,-0.0223467071356778,0.0458616453013885,0.100938123929622,-0.0315588823560879,-0.0134940322908774,-0.0394325066949934,0.138472128698584,0.280602189703918,-0.0307369605238022,0.0221997291775465,-0.00557735509496128,0.296956013449297,0.0947630719862482,0.236074472144227,0.109097980967308,0.140623078578042,-0.0897575817137996,0.00085278087676566,0.00940015215030183,-0.11631184469554,-0.183089965152452,-0.0656812961691574,0.0279353970904185,0.227287201818569,0.124779220269977,1,0.0171219952574313,0.080371362464299,0.204129446046855,0.235958652265325,0.0749842896236123,0.025130728176355,-0.0693541062961193,-0.122194397746507,-0.123491315120865,-0.0770225600746068,-0.0350860573661154,-0.124806547979761,-0.0460797341407045,-0.109669835656022,-0.00437822087450035,0.017350724739692,-0.057323967059965,0.0124728147110337,0.0758802104438104,0.00204660988636228,0.237576763148494,0.103800028341637,-0.0373790574593902,-0.127536971238392,-0.0300124532473389,-0.0942639550150847
"33",0.00582602669753626,-0.0173371152554463,-0.0866812005762214,-0.0307556160868819,0.158527629253754,0.0172073446287615,-0.131638401854843,-0.0099335217992827,-0.0272890529623956,0.161627756398238,0.0803950667922006,-0.0473239128670326,-0.019455991619134,-0.0145133538269229,-0.0217372588898108,-0.060045480683589,-0.0473738011730315,-0.0932284869040954,0.0744846388244974,-0.105304806124,0.0260094392307666,0.141393796831794,-0.0493470033630728,-0.207947080177798,-0.0620385036675989,0.0116168000894637,-0.244233260531713,-0.0884305804327846,-0.0401421337433385,0.136137674688899,-0.159496516452887,0.0171219952574313,1,0.133917112007241,-0.155887163105184,-0.018485140893151,-0.0851213381041827,0.0313746745456779,0.0817104806319678,0.0702623552938584,-0.0269513520704936,0.0321041524940741,0.0219881682694199,-0.139241003032638,0.0830460724732217,-0.032776790402569,0.0578055950171485,-0.00791170551028713,-0.0051595882558843,-0.094519513226224,-0.103257032507128,-0.147177966088957,-0.04663105616357,0.069549084704122,-0.136520300476131,-0.178946054570102,0.0319826860898557,-0.0584796936211143
"34",0.066278232979163,-0.0628060240350266,0.102346245810177,-0.216022361597401,0.0706618190808593,-0.126109562300015,-0.174187742243943,0.0455187546513453,0.136943672440824,0.0346267185347192,0.115209160784908,0.282534624686009,-0.0157572010295434,-0.0503574822678767,-0.0631603582742558,0.0712400154538853,0.0124145956403278,-0.0335168477732299,0.12835791739096,0.165787998087616,-0.0540612568307703,-0.0590653228758516,0.0514444083510688,-0.0395920007842574,0.029713676040099,-0.123442720649686,-0.171402199968574,-0.0719502342211448,-0.0653052033621694,-0.0350338262412105,-0.0335814225980615,0.080371362464299,0.133917112007241,1,0.16847878379232,0.0823728020681288,0.124442669630899,0.100715461318962,0.209500891087947,0.173729531212136,0.0935387035009511,0.00398503039550998,0.0498712326849837,-0.0651933381906691,0.0799337506160235,0.279285890030711,0.0618744311113838,0.0695456679280151,-0.0282780457705675,-0.0602458497139177,0.0782206346218836,-0.0720961351905898,-0.193192635702246,0.04069330982035,-0.0844387038016459,-0.181245057490971,0.00743087678381459,0.121661560571199
"35",0.0667116709711315,-0.123347023749467,0.269316801090269,0.0333520676496512,-0.163534118213207,-0.155780493545331,0.0239626269599905,0.181162976119157,0.172851279995603,0.0843787291305522,-0.10315002855946,0.0171430213550241,0.121115463030404,0.0330107883356666,-0.095567775005553,-0.177287712079221,0.0432196102488896,-0.0293442460562088,-0.127840032546869,0.0959985561196615,-0.0992120117412184,-0.124559474165884,0.0827523709909797,0.0524510241146985,0.043829663487821,-0.057555207628809,-0.0718838841950176,-0.176502923816348,-0.0605398608662571,0.191853481315725,0.0323981845932668,0.204129446046855,-0.155887163105184,0.16847878379232,1,0.144195706965404,0.267864650040798,-0.0048582801832466,0.0843405090500132,0.0597763351609381,0.0411964327949354,-0.0284430089081644,-0.115805887257853,-0.15664654568511,0.155416797887012,0.0881732676620937,-0.0555565103576345,-0.0162782866830378,0.0227454860123807,-0.0281695128868273,-0.102766031215709,-0.124152787188528,0.082087607988179,0.114772492493936,-0.00233811306910101,0.117549976495267,-0.0122779885691943,-0.117485291925567
