"","l_Insular.Cortex","r_Insular.Cortex","l_Amygdal.Area","r_Amygdal.Area","l_Bed.Nucleus.of.the.Stria.Terminalis","r_Bed.Nucleus.of.the.Stria.Terminalis","l_Hippocampus","r_Hippocampus","l_Orbitofrontal.cortex","r_Orbitofrontal.cortex","l_Entorhinal.Cortex","r_Entorhinal.Cortex","l_Frontal.Association.Cortex","r_Frontal.Association.Cortex","l_Globus.Pallidus","r_Globus.Pallidus","l_Glomerular.Layer.of.the.Accessory.Olfactory.Bulb","r_Glomerular.Layer.of.the.Accessory.Olfactory.Bulb","l_Glomerular.Layer.of.the.Olfactory.Bulb","r_Glomerular.Layer.of.the.Olfactory.Bulb","l_Granule.Cell.Level.of.the.Cerebellum","r_Granule.Cell.Level.of.the.Cerebellum","l_Hypothalamic.Region","r_Hypothalamic.Region","l_Entorhinal.Cortex","r_Entorhinal.Cortex","l_Vermix.Molecular.Layer.of.the.Cerebellum","r_Vermix.Molecular.Layer.of.the.Cerebellum","l_Lateral.Molecular.Layer.of.the.Cerebellum","r_Lateral.Molecular.Layer.of.the.Cerebellum","l_Anterior.Olfactory.Bulb","r_Anterior.Olfactory.Bulb","l_Posterior.Olfactory.Bulb","r_Posterior.Olfactory.Bulb","l_Subiculum","r_Subiculum","l_Perirhinal.Area","r_Perirhinal.Area","l_PreLimbic.System","r_PreLimbic.System","l_Primary.Cingular.Cortex","r_Primary.Cingular.Cortex","l_Primary.Motor.Cortex","r_Primary.Motor.Cortex","l_Retrosplenial.Cortex","r_Retrosplenial.Cortex","l_Secondary.Cingular.Cortex","r_Secondary.Cingular.Cortex","l_Secondary.Motor.Cortex","r_Secondary.Motor.Cortex","l_Striatum","r_Striatum","l_Ventral.Tegmental.Area","r_Ventral.Tegmental.Area","l_Substantia.Nigra","r_Substantia.Nigra","l_Thalamus","r_Thalamus"
"1",1,0.0410085848433878,0.0733806768357282,0.0314573691388321,0.0243952254216739,0.0223717612100158,-0.199391980445356,-0.129251165443713,0.0832450192133362,-0.0376745958619533,-0.0495663210908209,0.111180922247269,0.0032979977351061,0.117294006322623,0.0426582242078913,-0.164018335114795,0.0734496612603408,0.182321465328224,0.0933099095972733,0.209579204061901,0.284118685546403,0.188165525806541,0.0168478424930722,-0.0682199430117833,0.2657474771577,0.0221959208053673,0.0754805898264802,-0.0139321241210853,-0.0497492696417019,0.0811502385010966,-0.0283545532901287,0.162009018492562,-0.0578276424475746,0.0335146562968241,-0.013773654472311,0.0140433082874371,-0.128117456109693,0.103154630944311,0.00575894055175434,-0.0813897271263258,0.0569177621687039,-0.0843225342747282,0.0575130398870662,0.0297314245096836,-0.138035107090871,-0.133987702786674,0.00638022678866626,0.0709763741122468,0.00021370838541125,0.088069306320804,0.0769231062286063,0.0236369070723959,-0.00990153332721209,0.0867514536403388,-0.1389791285402,-0.169525174956895,-0.0322312270923041,-0.16147774366721
"2",0.0410085848433878,1,-0.212819642130769,0.137959636773548,0.0437202509014351,0.0697247018548801,0.0868122614616727,-0.10170315124013,0.0408533313320032,0.0915371719694447,0.0681827508224641,0.130529788379763,0.0560608529360742,-0.149725304198031,-0.0469252767198471,0.214148308864397,-0.0945784512008958,-0.200566676406413,0.0869936628503741,0.0169739574719501,-0.0680271476307924,-0.0181695685491588,0.00605611790886125,0.0126069489620972,-0.112046288640704,0.139621819907225,-0.0127123707233221,0.0243615368022197,-0.0849226298693363,-0.243192220631807,0.0154659923492072,-0.0355970775616059,-0.151226966780308,-0.0236100867774835,-0.0925332311525802,0.0757151962874596,-0.129009929917685,0.0600802533109339,0.0927001039483562,0.150027660170029,0.0932572212773415,0.157605356964789,-0.101579602930902,0.00687896310999784,-0.0299747946266079,-0.189749037940972,0.0492265093442896,0.129261913958697,-0.0309782488868742,-0.0042187308207281,0.272547015235361,0.0923298843062769,0.230586935728573,0.0730735942094783,0.056701629827974,0.11153029385372,-0.112889814312613,0.017741380242486
"3",0.0733806768357282,-0.212819642130769,1,0.0473525169497891,0.0346121830497653,-0.0121278414717735,-0.0893232583583946,-0.0374226808183045,0.0107571369069617,-0.0441050645529089,0.0831538918887248,-0.0271020582533918,-0.0120957440944643,0.0483145790924814,0.147748587946496,-0.162631155098376,-0.0606128151042178,0.0709747110375001,-0.130434046939725,-0.0190498979172567,0.0695605712109122,0.0618116952048489,0.182234641568207,0.0812049770465879,0.0180518923542052,-0.193562252769857,0.118891310665389,-0.00201610535252543,-0.06178207378805,0.0216047864164938,-0.0835874851804629,-0.141253568698957,0.1360656739005,-0.00674518473632163,-0.0288529830482615,0.0165253267942958,-0.0489802525098328,0.0261460476082338,-0.0396440798165414,-0.0742265697674975,-0.0319216851351883,0.0483529656045284,0.142888437337682,0.156097594171932,-0.0498160185559864,0.0928407063086574,-0.0704054161354007,0.0293957529912641,-0.0388177812302535,0.184467546983837,-0.14266000038163,0.0144347300450834,-0.0218856631704122,-0.0578112130062715,-0.0359611328072631,-0.0748093195173203,0.0551021452312954,-0.0758729520921821
"4",0.0314573691388321,0.137959636773548,0.0473525169497891,1,0.0320481036973989,0.0215925392260051,-0.0728896335381911,-0.0817012234084068,0.0515876008094601,-0.0448727161263696,-0.0337790789724371,0.200662656692529,-0.0882046334934735,-0.22153516730325,0.128369260390069,-0.0217845034102624,0.0531416749629985,0.0476272179344145,-0.0824721677552032,-0.0281812293320991,-0.211426512526773,0.10161953485949,-0.0757710080489293,-0.11274987818673,-0.0226222496428072,0.169501847787172,-0.0808188094009198,-0.0748477497800754,0.03542808892559,0.0336396956962429,0.0486040320263596,0.0858156937845944,0.0493219384699364,0.0736136249600584,-0.12267051651204,-0.12795405315082,-0.0337826984724619,0.0624280933808654,0.00308342939130216,-0.2237155286231,-0.00858313903254059,-0.0633566222965732,-0.0103873925148967,-0.0154952229196724,-0.132900940316611,-0.219610258976269,-0.0383906620978355,-0.161987830405301,-0.00332571174881571,-0.0824137747890998,0.0443043529515564,0.0689415985866241,-0.137259258804105,-0.227949924949009,-0.141221731953619,-0.127010306848492,-0.176764492285564,-0.0428573347189855
"5",0.0243952254216739,0.0437202509014351,0.0346121830497653,0.0320481036973989,1,0.0793584086151464,-0.0527483034187975,-0.13354710447549,-0.0995907144691321,-0.0383678841165045,0.00997491282101534,0.027738815466907,-0.119457139696123,-0.0123395341875218,0.11075879224712,0.204861731179952,0.0988876323761297,-0.0381736809465741,0.00625365357412369,0.0764444938812922,-0.172485045149138,-0.181353145359898,0.0356832018251612,0.05404571290246,-0.0445135226355821,-0.00974426248318001,-0.165904425442989,0.195879877559892,-0.20522846698915,-0.01244898596151,-0.00473201755348236,0.0620915559686215,0.177566900764212,0.0112276423275757,-0.0117635205495325,-0.0291527657632781,0.0119562539149562,-0.107124398258961,0.0420723998056697,0.0729070368231611,0.108201181948179,-0.0452190727963706,-0.113606861398214,-0.0126368059109707,-0.106348804691809,-0.0664566161013483,-0.192142283827377,-0.0130649586700032,-0.0626268533727481,0.072298808836852,-0.072844898834759,0.0989692500694607,-0.145628640982146,-0.204268497302319,0.0738312419354663,-0.00845431347796925,0.274142324667837,-0.171945318177347
"6",0.0223717612100158,0.0697247018548801,-0.0121278414717735,0.0215925392260051,0.0793584086151464,1,-0.048942231591856,-0.107064147385319,-0.0951987537487877,0.0808333555416017,-0.0758796489954192,0.0280902532099103,-0.0609184890013934,-0.127011825213225,-0.00476133012193304,-0.0308263332288985,-0.0584173284962228,-0.00803137218290866,-0.240532564517452,-0.09958724736309,-0.0649525926635334,0.0115144329152899,0.00974419434173125,0.139167617881618,0.00509884148331515,-0.0804148669044729,-0.158103783993762,-0.038331861832743,-0.090491605765617,0.0154896840129562,-0.117956494793424,-0.0659545768815024,0.0799045564328146,-0.00310487442111574,-0.0955199694804711,-0.119545959327989,-0.138755496662625,0.0981435229444341,0.250798922768831,0.0125637239299167,0.226919235850538,0.0784855455538603,0.0265419868223869,0.00502360274094186,0.0606374286381806,-0.0487606552900998,0.161073490001439,0.0882657246952145,-0.136540862037021,0.0477243665433216,-0.151280104707934,0.141140628794237,0.0371672983338926,-0.0460633335680441,-0.0504848783405341,-0.227138024958499,-0.293377175562241,0.128454166516195
"7",-0.199391980445356,0.0868122614616727,-0.0893232583583946,-0.0728896335381911,-0.0527483034187975,-0.048942231591856,1,-0.0300345796252516,-0.00732066354309595,0.116609082327583,-0.016851750402105,-0.118809128796229,0.00760992582924354,0.121439161007384,-0.14010363915784,-0.075109324102547,-0.0178433372871974,0.0416217643322721,0.139703540663961,0.244379492733836,0.0654178435770806,-0.167115539386796,-0.0599422419831436,-0.233898111096476,0.187870257359698,0.165504285312512,0.068320620096998,0.00479151961936391,-0.211292664689682,0.0462674301426362,-0.131360730125737,0.0280626626725981,0.0393969070574279,0.0333586000153562,0.233942051084637,0.282715008494637,-0.00486619528209538,-0.103379852695259,0.162909256932462,0.306520444464173,0.208245119308703,0.169759528939978,-0.125867169974061,-0.0249586311392183,0.2702304172443,0.152144446991279,0.0744622066072328,0.062839404492712,0.0646688830207538,0.194032664250752,-0.15304383817632,0.122937584451548,0.0390343905631062,0.0199404000269425,0.164798416080193,0.194768930650875,-0.0445735532254964,0.10380036842891
"8",-0.129251165443713,-0.10170315124013,-0.0374226808183045,-0.0817012234084068,-0.13354710447549,-0.107064147385319,-0.0300345796252516,1,-0.0670319076022516,-0.0793800878070796,0.247289321601953,-0.240916302495908,0.0441598481620337,0.0799112530811676,0.205381408594399,0.0164181929529136,0.166269602575735,-0.00675234370112884,0.0973756137339609,-0.00622584037221352,0.00397771470889943,0.00106143382100057,0.0750546038703662,-0.0448229087736061,0.0440797572332516,-0.0893570217216782,-0.0677221197299646,0.00605145647353539,0.0955074958224898,-0.0458068705244758,0.0859604201390925,-0.0925395779446094,-0.0510795801433889,0.0319409594791012,0.0680699385141027,0.0295055723794475,0.0523936247274517,-0.0851318708825147,-0.0653670691854139,0.165634910155206,0.00462383815838537,0.0565823807467353,-0.118713175000429,-0.0671588718649996,0.0352599417464183,-0.0658039372598969,0.0145356407660348,-0.0910291777429815,0.0270130473871301,-0.0183080210315804,-0.059244495590197,-0.22788402484449,0.0576956287783982,0.0290060106395039,-0.066159390557597,-0.0125410944936956,0.0420784478892563,-0.0187097137686753
"9",0.0832450192133362,0.0408533313320032,0.0107571369069617,0.0515876008094601,-0.0995907144691321,-0.0951987537487877,-0.00732066354309595,-0.0670319076022516,1,-0.00704490898494067,0.113894992887102,-0.0123588553095733,0.0821636697870709,-0.126799856972119,0.178267055660365,0.0570814280317404,0.0295401590710776,0.151889401674038,-0.117441152151397,-0.0168561425319582,-0.0196254966554302,0.0201133028143779,-0.157484744031844,-0.131963995832789,0.0221153206186334,0.0755417632245019,0.154775513902325,0.144612379311541,0.00640828676143349,-0.0801297187095846,0.0864155458130003,-0.0218498952765452,-0.0771292766428655,-0.162406410893774,-0.117136052500724,0.116301570329835,-0.227153860637048,0.0858715671718741,-0.0106820063235597,-0.130535165346109,-0.166160775089571,-0.0344651830541118,0.181603691553062,-0.0826815315316667,-0.192570616697972,-0.0400410405417744,-0.0650700729716883,0.106784757263409,0.19699363182135,-0.0992768402220532,0.0483484288335563,-0.0303044605593496,0.0465785590069104,0.0537927345211234,-0.111940484076495,-0.0553978716344412,0.272053135986594,0.00030783381670927
"10",-0.0376745958619533,0.0915371719694447,-0.0441050645529089,-0.0448727161263696,-0.0383678841165045,0.0808333555416017,0.116609082327583,-0.0793800878070796,-0.00704490898494067,1,-0.111177334416708,-0.101864471797325,-0.0113424111889712,0.155179213197196,0.122412696883593,0.0874918638930557,-0.151711480702516,-0.0823469927670318,-0.119262182396452,-0.101850853327455,-0.0629474842844942,0.0221686415898798,0.0362292157095381,0.0590980409888815,-0.156759211621567,-0.0285531268595804,0.0884280105738516,0.026554092126497,-0.0764493621378467,-0.115324412705352,0.122827782550398,0.0770668934530633,-0.130098349717809,0.0843948219811451,0.273524065951802,-0.273955657973961,0.00898109967619891,-0.0654143431334265,-0.0840934853443,0.094040756647566,-0.0994066546823883,-0.00443355956459025,0.0804851166973671,0.00780134160405796,0.198770103544554,0.131149946164386,-0.0516138172151712,0.00891408938706676,-0.0709526657303827,0.0888147498648665,-0.00891108752094641,-0.0426086821435571,0.140129370845992,-0.0351338773578116,0.0808720472092156,-0.184988744560675,-0.0984862584547943,-0.164357751686654
"11",-0.0495663210908209,0.0681827508224641,0.0831538918887248,-0.0337790789724371,0.00997491282101534,-0.0758796489954192,-0.016851750402105,0.247289321601953,0.113894992887102,-0.111177334416708,1,-0.0530831751881716,-0.112423673155368,-0.020315212251096,-0.0317063808298033,-0.0714456217996057,0.0499856185367372,-0.165460766922295,-0.008797950709936,-0.0781617987512827,-0.00525459723674291,-0.20057737555851,0.0338492698708327,0.0832311201021981,-0.091140610357555,0.0304987760425668,-0.0464986979658351,0.138627272729528,0.030882919947071,-0.139063604082954,0.118492047862039,-0.23907125652292,0.1082634160602,-0.00305723105971144,-0.0701130100405384,0.0233812466963375,-0.0745728748540741,-0.153807533297355,-0.149072494405366,0.102720754687529,0.00189830620196943,0.076012782009525,-0.164133794951068,-0.0437526373036762,0.108816619832429,-0.202328304712592,-0.108443386928357,0.0535887481143014,-0.0318490200543447,-0.013540824370102,-0.0714490086386942,-0.0230133639659899,0.0873373445019147,0.0841201990044468,0.00590946249656386,0.00783560840000232,0.227769748500719,0.0783502544615302
"12",0.111180922247269,0.130529788379763,-0.0271020582533918,0.200662656692529,0.027738815466907,0.0280902532099103,-0.118809128796229,-0.240916302495908,-0.0123588553095733,-0.101864471797325,-0.0530831751881716,1,0.00042110353736713,-0.165191982072333,0.0331385868653002,0.025329232119668,-0.129476225808118,-0.0535169138550951,-0.142880034800199,-0.176431846074605,-0.0625446804092715,0.0485892183861835,-0.00221161725048946,0.0434085641667955,0.198660397345918,-0.067772000345878,-0.036472903148411,-0.0760827060185756,-0.0266905112666888,-0.0203798027235248,-0.0137279316164789,0.121117374429913,-0.0873648995648415,-0.0465510451175678,-0.137371871042262,-0.0097264323141172,-0.064196207843678,0.0563042948245755,0.0363942205630756,-0.217271525357627,0.183332781106758,0.0999720055052298,-0.0900694253579906,0.0940467775028457,0.00851493324819589,-0.0233583072542189,0.175298531654712,0.0267934353875903,-0.126229273772161,-0.0630274253093666,0.281618913217726,0.0915262535296675,-0.092022384685569,0.0102528967623845,-0.142767178477267,-0.0553116075638529,0.093147501942666,0.0228997178971258
"13",0.0032979977351061,0.0560608529360742,-0.0120957440944643,-0.0882046334934735,-0.119457139696123,-0.0609184890013934,0.00760992582924354,0.0441598481620337,0.0821636697870709,-0.0113424111889712,-0.112423673155368,0.00042110353736713,1,0.174457581562237,-0.018952721044807,0.0788726380429515,-0.225481817907832,-0.00514166676935081,0.0157552875370567,-0.0130959653259687,0.151292739471184,-0.0302837146452326,0.0206086553412231,-0.00067518417524935,-0.00399199036047422,0.0418975144354509,0.127187785106499,-0.00302693764915968,0.140184586070701,0.0999074821719918,0.068965410783271,-0.0523309409289743,-0.408505014568521,0.0872747658342703,0.0238241464951057,0.130535772158807,0.0145499685557814,0.160996269913964,0.0849584457914932,0.0203638238307345,0.0105491244125627,0.0154135329227947,-0.0209006225662003,-0.0447001397362746,-0.230062507725483,0.0657798484127407,0.185789806931546,0.0145848309320255,0.296253134301737,0.115464126496071,0.0559979478342667,-0.223747339272306,0.0674753863985913,-0.175444474938229,-0.100361241909448,-0.139804586786344,0.0855474864476427,-0.167513477848246
"14",0.117294006322623,-0.149725304198031,0.0483145790924814,-0.22153516730325,-0.0123395341875218,-0.127011825213225,0.121439161007384,0.0799112530811676,-0.126799856972119,0.155179213197196,-0.020315212251096,-0.165191982072333,0.174457581562237,1,-0.134728479829538,-0.0266396091551656,0.0918198119514638,0.408856734579413,0.212853686023122,0.184410493745406,0.119800134582172,0.0256841468219201,0.0429535548573711,0.0766186031547622,0.221175957359495,0.0502072110450928,0.0769669371451216,-0.0145326509477947,0.0687132048931725,0.0391157773428902,-0.0240984401372524,0.0795541527385041,0.0180800495577789,0.109673877409429,0.250405085887276,0.0335085954776468,0.0807691500383841,-0.0859742779187611,0.0756767473772677,0.286219013533067,-0.0933830698647526,0.0878847108198332,0.0403173678059268,0.0665380242173502,-0.0507036363236705,0.242450396371338,-0.063701908314483,-0.113581042559099,-0.0163906775137618,0.609972208607947,-0.0211535877437759,0.00852104453552122,-0.107744709545382,0.105934453150862,-0.226714890186863,-0.0348464298787488,0.00983469034626248,-0.0257155018549453
"15",0.0426582242078913,-0.0469252767198471,0.147748587946496,0.128369260390069,0.11075879224712,-0.00476133012193304,-0.14010363915784,0.205381408594399,0.178267055660365,0.122412696883593,-0.0317063808298032,0.0331385868653002,-0.018952721044807,-0.134728479829538,1,0.0525197299022419,0.106873375990942,-0.112060366868043,-0.27425754597711,-0.0356376156729035,-0.0115856782273055,0.0600411313991374,0.23670527351041,0.0843164386863919,0.0128598798204621,-0.166261546909858,-0.0150432500082724,0.013960811356243,-0.264499606966528,-0.175007996485744,-0.0541039081768688,-0.1125988778726,-0.137816528820953,-0.0891213990515536,-0.0735040689496467,-0.0934344795395627,-0.0740349326751931,0.0165623648288567,-0.0801735924181832,-0.173496068058438,-0.0400108365559516,0.00138222711985832,0.0679615092399244,0.0839834999188393,0.0650644526402109,-0.00870760394392341,-0.00839209982003284,0.0563639593259112,-0.00271109122499469,-0.150893730741203,0.0238580192357768,0.0635833725694672,0.0731453928433202,0.0112908253549319,-0.0603920902040472,-0.0565474400011748,0.111370109131822,-0.107774668354616
"16",-0.164018335114795,0.214148308864397,-0.162631155098376,-0.0217845034102624,0.204861731179952,-0.0308263332288985,-0.0751093241025469,0.0164181929529136,0.0570814280317404,0.0874918638930557,-0.0714456217996057,0.025329232119668,0.0788726380429515,-0.0266396091551656,0.0525197299022419,1,0.0436777755548215,0.00093678725531235,-0.145713192983717,0.00134399240570964,-0.119881157375498,-0.0329855787779433,-0.00782027756774026,0.190522324169153,-0.0835106687647028,-0.036057091922316,-0.00426693135692892,-0.0299048127177216,-0.0173069222586401,-0.115310335172477,0.0269746312365446,-0.0251442526343636,-0.154860927123196,-0.0578206076329554,-0.0348115317216685,-0.146607289970348,0.216847653417193,-0.0383338049804619,-0.131249052643422,-0.0147879421675388,-0.0717693088037225,-0.0559655044420468,0.0410827485401834,-0.0338961799782124,0.103599490967936,-0.0824982452874866,0.117628201552043,0.052370382842256,0.0829909998284415,0.0122603454019133,0.145457605704876,-0.151978866509952,4.31185131930044e-05,0.0458897111981777,-0.0862511538874077,0.0223095206684622,0.231998566213729,0.0924322298107782
"17",0.0734496612603408,-0.0945784512008958,-0.0606128151042178,0.0531416749629985,0.0988876323761297,-0.0584173284962228,-0.0178433372871974,0.166269602575735,0.0295401590710776,-0.151711480702516,0.0499856185367372,-0.129476225808118,-0.225481817907832,0.0918198119514638,0.106873375990941,0.0436777755548215,1,0.116377502150866,0.0404090182110271,0.0400768955120807,-0.0998338405014411,0.0147211635333968,-0.096281385233289,-0.202436093020658,-0.0680049640731003,-0.0609199624217893,-0.257121260519044,0.0804202900715881,-0.177688932431793,0.0556669084576936,0.0267080509762104,0.149099823403301,0.171280202758716,0.0697589881255083,0.0434258493496216,-0.0431312700648482,-0.141498445052289,-0.128344493372895,0.150693664174618,0.0131857303937433,-0.0225038040164507,-0.0206969015073283,0.028360848651167,0.0394256746649764,0.0412031873322997,-0.0917523791880732,-0.0913251272702772,-0.193161520782962,-0.100385234543369,0.0961354609329948,-1.05657290744611e-05,0.145376654279983,-0.157336248133966,0.0498098748269466,-0.0575484362993615,0.129605031134026,-0.0293504465101557,0.167422382612906
"18",0.182321465328224,-0.200566676406413,0.0709747110375001,0.0476272179344145,-0.0381736809465741,-0.00803137218290866,0.0416217643322721,-0.00675234370112884,0.151889401674038,-0.0823469927670318,-0.165460766922295,-0.0535169138550951,-0.00514166676935081,0.408856734579413,-0.112060366868042,0.00093678725531235,0.116377502150866,1,0.101655105345418,0.15560465708648,-0.0565892338725102,0.0339514073536449,-0.161902985372226,-0.0496499357851124,0.189907963359557,0.197787296824256,0.0460604297495344,-0.0655403671685381,0.0480960578175347,-0.0720793422972972,-0.0174236915165178,0.244099368744599,0.157873941167873,-0.0380722218829428,0.0385496084529066,0.110525414314406,-0.00399993135988774,0.174099024968205,0.00723889502143195,0.132101793180473,-0.0318551726751574,-0.0523600529526123,0.201528869614972,0.0433453290460886,-0.104949407396491,0.173280173790186,0.065575365005531,-0.0285235545374085,0.0600353705379556,0.36408340983361,-0.0776180530175201,-0.067913870122438,-0.108540231661988,0.127453011944029,0.0346700804310481,0.104259826945567,0.0282433748488753,-0.151586782387302
"19",0.0933099095972733,0.0869936628503741,-0.130434046939725,-0.0824721677552032,0.00625365357412369,-0.240532564517452,0.139703540663961,0.097375613733961,-0.117441152151397,-0.119262182396452,-0.008797950709936,-0.142880034800199,0.0157552875370567,0.212853686023122,-0.27425754597711,-0.145713192983717,0.0404090182110271,0.101655105345418,1,0.265881626781773,0.0110239108130647,-0.100429364759769,-0.0250572946750044,0.0206916986750335,0.0624208599322415,0.196362689576654,0.146507269787212,-0.0196843046101977,0.10474639242274,0.0819386320511456,0.161459032294584,0.326715575239971,0.169168886856499,0.155911578930131,-0.0201818813665099,0.191556108226207,0.0393045547421212,-0.0350448097611262,0.10014446332801,0.325078814875375,0.00197484495811698,0.0355283718296181,0.0369377336166571,-0.0380914284734338,-0.169309786509772,0.0913359161039274,-0.0638781518928621,-0.0378163952892029,0.129941420556665,0.127442331755958,0.0615651459934012,-0.0585747193957498,0.0648680658711918,0.155920183194551,0.0360220564208873,0.24458978119733,-0.0582474252426159,-0.0157215546291656
"20",0.209579204061901,0.0169739574719501,-0.0190498979172567,-0.0281812293320991,0.0764444938812922,-0.09958724736309,0.244379492733836,-0.00622584037221352,-0.0168561425319582,-0.101850853327455,-0.0781617987512827,-0.176431846074605,-0.0130959653259687,0.184410493745406,-0.0356376156729035,0.00134399240570964,0.0400768955120807,0.15560465708648,0.265881626781773,1,0.200116691892168,-0.079745260198156,0.0740263586711595,-0.207918588474086,0.0357833002456464,0.110096666350678,-0.0960537096916702,-0.0531366006078829,0.00373583541734456,0.0931597608930196,-0.0788188134372254,0.147556772146066,0.0761759562490805,0.0799225857625315,0.0254007725349255,0.198885129914913,0.020497557843845,0.0617357002296779,0.0812457526797898,0.156701610937259,-0.187213350915098,-0.170064152946743,-0.0761886845552915,-0.0136154574868758,0.0660096517426562,0.122465842671973,0.00227609005906128,-0.070561009258113,-0.0397510224488838,0.088306180053861,-0.144596599391828,-0.0733322386710595,-0.048980975830095,-0.101989477053768,0.147156389489956,0.0890459614159818,-0.0430582842773403,0.00388908128419815
"21",0.284118685546403,-0.0680271476307924,0.0695605712109122,-0.211426512526773,-0.172485045149138,-0.0649525926635334,0.0654178435770806,0.00397771470889943,-0.0196254966554302,-0.0629474842844942,-0.00525459723674291,-0.0625446804092715,0.151292739471184,0.119800134582172,-0.0115856782273055,-0.119881157375498,-0.0998338405014411,-0.0565892338725102,0.0110239108130647,0.200116691892168,1,0.0710884704431745,0.0542285896377534,-0.139536637394426,-0.0282922779923713,0.13808524628898,0.0904158588163141,-0.0130824462468183,-0.0900367109182707,0.0344272136079274,-0.0031205738111217,-0.100875726524775,-0.200804568683288,-0.0344569516266539,0.0724472954707446,0.106069989574143,-0.0100050586085917,0.0596375330435965,-0.13144923153493,0.00460982135164328,0.0763089154840335,0.0102361076747584,0.117253292031103,0.210761399305205,0.058839571119917,-0.0365140051285133,0.0463851146263157,0.125376093153999,0.0570077773930487,0.144056371336969,0.0132619779272775,0.0734511341446488,0.0986829977384513,0.0796650357194869,0.0265963401888994,0.0895083520310791,0.0919356254892481,-0.0314965317608359
"22",0.188165525806541,-0.0181695685491588,0.0618116952048489,0.10161953485949,-0.181353145359898,0.0115144329152899,-0.167115539386796,0.00106143382100057,0.0201133028143779,0.0221686415898798,-0.20057737555851,0.0485892183861835,-0.0302837146452326,0.0256841468219201,0.0600411313991374,-0.0329855787779433,0.0147211635333968,0.0339514073536449,-0.100429364759769,-0.079745260198156,0.0710884704431745,1,0.0078653367102533,0.057886330481886,0.0343145742854812,0.0255446015187711,-0.0420635905445896,-0.113998630852819,0.126117889166255,0.241716287042654,-0.130370434010482,-0.0228977529755857,-0.0595544874660709,-0.0826623745409474,0.0342483511210998,-0.318726384753356,-0.123447997387175,0.0478734166525566,0.103004539202586,-0.149376852858934,-0.0389547081391199,-0.038889398044179,0.102341023647385,0.121938334362657,-0.0113396431083144,0.0154769902382673,-0.0745715299037739,-0.0639077798070061,0.0487160017461197,-0.0371079690188132,0.0929163845783644,0.126082794294854,-0.0420028751477036,0.00885402880294999,-0.123584431807076,-0.0659485737659369,-0.0142640551353431,-0.17414330009397
"23",0.0168478424930722,0.00605611790886125,0.182234641568207,-0.0757710080489293,0.0356832018251612,0.00974419434173125,-0.0599422419831436,0.0750546038703662,-0.157484744031844,0.0362292157095381,0.0338492698708327,-0.00221161725048946,0.0206086553412231,0.0429535548573711,0.23670527351041,-0.00782027756774026,-0.096281385233289,-0.161902985372226,-0.0250572946750044,0.0740263586711595,0.0542285896377534,0.0078653367102533,1,0.268687647821582,-0.0321780685452877,-0.288099064222941,0.0555033557260418,0.0137669001451282,-0.113427757140646,0.00368389253863082,-0.0366545989077619,-0.00766146611049153,-0.0815005758492952,-0.0436385604375306,0.0806648809286676,-0.04468032985032,0.0180733578412534,-0.0882961822240091,-0.0865127392927018,-0.0303908514468656,0.0120379499758415,0.0168498120864751,-0.108603570046789,0.133851028467455,0.0393662090654288,0.0954406985352465,0.114440363898807,-0.0478924796109913,-0.129068368955617,0.0948752082839109,0.0504259024028568,0.0187676676792227,0.115262006922299,-0.0302653966345744,-0.04708469846127,-0.0994522011380052,0.0876554676005353,0.0180431077241548
"24",-0.0682199430117833,0.0126069489620972,0.0812049770465879,-0.11274987818673,0.05404571290246,0.139167617881618,-0.233898111096476,-0.0448229087736061,-0.131963995832789,0.0590980409888815,0.0832311201021981,0.0434085641667955,-0.00067518417524935,0.0766186031547622,0.0843164386863919,0.190522324169153,-0.202436093020658,-0.0496499357851124,0.0206916986750335,-0.207918588474086,-0.139536637394426,0.057886330481886,0.268687647821582,1,0.0331133050217818,-0.137535792223728,-0.0287941729172791,-0.130694308579061,0.186983626148285,0.00607965788223029,-0.00127510215916925,0.024678731906989,-0.0395427183418528,0.011915868990061,-0.212770783962998,-0.249970745233058,0.0907812229013556,-0.161467991986801,-0.123357561063964,0.0536244033853212,-0.124689656008918,0.0665826203050688,0.0483849304289053,0.0583465169676111,-0.10841476549039,0.0768800151762374,0.0149794330708215,0.0365177540735805,-0.0430945971484125,0.0538870308453049,0.102072851526294,-0.146533833652771,0.122589845406613,0.102094871720555,-0.0567068631724205,0.0765732239214327,-0.0220921417856755,-0.00121838203344513
"25",0.2657474771577,-0.112046288640704,0.0180518923542052,-0.0226222496428072,-0.0445135226355821,0.00509884148331514,0.187870257359698,0.0440797572332516,0.0221153206186334,-0.156759211621567,-0.091140610357555,0.198660397345918,-0.00399199036047422,0.221175957359495,0.0128598798204621,-0.0835106687647028,-0.0680049640731003,0.189907963359557,0.0624208599322415,0.0357833002456464,-0.0282922779923713,0.0343145742854812,-0.0321780685452877,0.0331133050217818,1,0.00821469994196468,0.0183662644391556,-0.172464974755542,-0.0387852599467624,0.113983156978596,-0.139402940623028,0.0848955157088194,-0.0904774872932907,-0.0193055288903493,-0.0387869657490133,0.219814414731738,-0.0177958368543973,-0.0768513090797858,0.00968353104714124,0.0331013684321265,0.149678157742723,0.170884856765299,0.0826436964540982,0.0448591836938939,0.0332564929197957,0.0673985462921408,0.0013484732661313,0.00371487340003961,0.0765169067928565,0.185556618003363,-0.0923788348838189,-0.0225517671731913,-0.051361949078256,0.275328164690034,-0.271876626339525,-0.0164419877644464,0.0208696666624203,0.145503079901806
"26",0.0221959208053673,0.139621819907225,-0.193562252769857,0.169501847787172,-0.00974426248318001,-0.0804148669044729,0.165504285312512,-0.0893570217216782,0.0755417632245019,-0.0285531268595804,0.0304987760425668,-0.067772000345878,0.0418975144354509,0.0502072110450928,-0.166261546909858,-0.036057091922316,-0.0609199624217893,0.197787296824256,0.196362689576654,0.110096666350678,0.13808524628898,0.0255446015187711,-0.288099064222941,-0.137535792223728,0.00821469994196468,1,0.152805642740416,0.0512649470227313,-0.0371305459430174,-0.0549292689074929,0.0489720538463366,0.122005196187974,-0.0785235937437477,0.168112806334281,0.112618561681147,0.117332946448335,0.164077255374482,0.304080460657506,-0.0704173237537373,0.12953304282462,0.101236832652073,0.128997911036476,0.203208708778934,-0.23521144359826,-0.0365957172461446,-0.0905650806480411,-0.0276658716674007,-0.0124702380478709,0.283148966093514,0.095258463114825,-0.0277365834384344,-0.0329995565987884,0.0233791016919254,0.0210898677679348,0.0928710492414642,0.215741815400818,-0.00333718432539055,-0.148306884001668
"27",0.0754805898264802,-0.0127123707233221,0.118891310665389,-0.0808188094009198,-0.165904425442989,-0.158103783993762,0.068320620096998,-0.0677221197299646,0.154775513902325,0.0884280105738516,-0.0464986979658351,-0.036472903148411,0.127187785106499,0.0769669371451216,-0.0150432500082724,-0.00426693135692892,-0.257121260519044,0.0460604297495344,0.146507269787212,-0.0960537096916702,0.0904158588163141,-0.0420635905445896,0.0555033557260418,-0.0287941729172791,0.0183662644391556,0.152805642740416,1,0.0334634632146313,-0.0345115790429038,-0.0501258593797702,0.0689357968156477,0.0161262994008232,-0.100434783150863,0.111268043551695,0.11861699690474,0.0297057189531248,-0.00287015213779753,0.0509284570145416,-0.18883301478715,-0.0106961143057991,0.0278641919404836,0.0453655427025166,0.0737276015250276,-0.112947416107939,0.0321030783571324,0.11936860747913,-0.101517008684301,0.148951105259871,0.330892644961487,0.0122970357006121,0.0303108891339372,-0.160562423630577,0.191184331028169,0.149924015947868,-0.0502535111831776,-0.0397457799800365,0.00102458115649755,-0.0743794664732614
"28",-0.0139321241210853,0.0243615368022197,-0.00201610535252543,-0.0748477497800754,0.195879877559892,-0.038331861832743,0.00479151961936391,0.00605145647353539,0.144612379311541,0.026554092126497,0.138627272729528,-0.0760827060185756,-0.00302693764915968,-0.0145326509477947,0.013960811356243,-0.0299048127177216,0.0804202900715881,-0.0655403671685381,-0.0196843046101977,-0.0531366006078829,-0.0130824462468183,-0.113998630852819,0.0137669001451282,-0.130694308579061,-0.172464974755542,0.0512649470227313,0.0334634632146313,1,-0.065210002729892,0.00636705616007776,-0.0442522003847884,-0.189753632918931,0.029280506274699,-0.126450118979099,0.074222395263439,0.0181199586208863,-0.17402822491422,0.0581809944822767,-0.0359095921649404,0.0672735818100751,0.0599899992674848,0.0140035996288315,0.0311230859983306,-0.0130968960871234,-0.0901460044664506,-0.0895613288217051,-0.0369805203638703,-0.0312934313949004,0.106726930172364,0.111778067962123,-0.0094366994965103,0.124921778919331,-0.0222322042091008,0.0222332732657782,0.0890728142774816,-0.0435791792698418,0.186740385905297,0.0693256694567281
"29",-0.0497492696417019,-0.0849226298693363,-0.06178207378805,0.03542808892559,-0.20522846698915,-0.090491605765617,-0.211292664689682,0.0955074958224898,0.00640828676143349,-0.0764493621378467,0.030882919947071,-0.0266905112666888,0.140184586070701,0.0687132048931725,-0.264499606966528,-0.0173069222586401,-0.177688932431793,0.0480960578175347,0.10474639242274,0.00373583541734456,-0.0900367109182707,0.126117889166255,-0.113427757140646,0.186983626148285,-0.0387852599467624,-0.0371305459430174,-0.0345115790429038,-0.065210002729892,1,-0.00199886018885008,0.114548218418083,-0.133959783527834,-0.131446084526728,0.169469927447556,-0.0899320361504749,-0.133224091886127,-0.124812313627932,-0.086567423346823,-0.199967885202353,0.0536819050832953,-0.304396534039337,-0.0333664870712421,0.130965524828045,-0.108100684542514,-0.255730146478555,0.167196431349553,0.0774946063586863,-0.00300834455572779,0.0242549240121837,-0.0415959114663052,-0.0199895897467435,-0.134422475044337,0.117690869839484,0.0302975192074677,0.0656573184291888,-0.0797644020125061,-0.00066510016650029,-0.0151067749359812
"30",0.0811502385010966,-0.243192220631807,0.0216047864164938,0.0336396956962429,-0.01244898596151,0.0154896840129562,0.0462674301426362,-0.0458068705244758,-0.0801297187095846,-0.115324412705352,-0.139063604082954,-0.0203798027235248,0.0999074821719918,0.0391157773428902,-0.175007996485744,-0.115310335172477,0.0556669084576936,-0.0720793422972972,0.0819386320511456,0.0931597608930196,0.0344272136079274,0.241716287042654,0.00368389253863083,0.00607965788223029,0.113983156978596,-0.0549292689074929,-0.0501258593797702,0.00636705616007776,-0.00199886018885008,1,-0.0348626473258402,0.0695503107387955,0.0117744998045054,0.0362681785278956,-0.0657935063982368,-0.149855755165455,-0.0816181724407412,-0.0190078549450979,0.191599912206841,0.0001440180321876,-0.00247135833126512,-0.0845932932559883,0.0443128844097101,0.0352546543715971,-0.053492655261459,0.0383808884826299,-0.0498500791442149,-0.173120437729107,0.0736790824851624,-0.0992948545930248,-0.0407802701862423,-0.125977880731988,-0.024613775681608,-0.00814037940534426,-0.134964089308492,-0.0724553372569197,-0.0916194215183911,-0.0173132735465271
"31",-0.0283545532901287,0.0154659923492072,-0.0835874851804629,0.0486040320263596,-0.00473201755348236,-0.117956494793424,-0.131360730125737,0.0859604201390925,0.0864155458130003,0.122827782550398,0.118492047862039,-0.0137279316164789,0.068965410783271,-0.0240984401372524,-0.0541039081768688,0.0269746312365446,0.0267080509762104,-0.0174236915165178,0.161459032294584,-0.0788188134372254,-0.0031205738111217,-0.130370434010482,-0.0366545989077619,-0.00127510215916925,-0.139402940623028,0.0489720538463366,0.0689357968156477,-0.0442522003847884,0.114548218418083,-0.0348626473258402,1,0.0450452954369443,0.00478891994822747,0.162099709147438,0.0275475033912703,-0.0971315806383478,0.203436644544721,-0.142316302203345,-0.0826057474327282,-0.0960833237981641,-0.124301969322132,-0.0454180726921888,0.0310569007394271,-0.00017913985489264,-0.0434017074106455,-0.221215907123587,0.0750238692796111,-0.0291022877516554,0.0469024771660718,-0.0759233876047281,0.019420036644392,-0.100770625248985,0.228572327938237,0.0324063293865174,-0.0205760146679285,0.0516436135168869,0.0809406076207963,0.0707970082159923
"32",0.162009018492562,-0.0355970775616059,-0.141253568698957,0.0858156937845944,0.0620915559686215,-0.0659545768815024,0.0280626626725981,-0.0925395779446094,-0.0218498952765452,0.0770668934530633,-0.23907125652292,0.121117374429913,-0.0523309409289743,0.0795541527385041,-0.1125988778726,-0.0251442526343636,0.149099823403301,0.244099368744599,0.326715575239971,0.147556772146066,-0.100875726524775,-0.0228977529755857,-0.00766146611049153,0.024678731906989,0.0848955157088194,0.122005196187974,0.0161262994008232,-0.189753632918931,-0.133959783527834,0.0695503107387955,0.0450452954369443,1,0.136412084594474,0.112080598085475,-0.0286636490863202,-0.0340428939188799,-0.0244830168714504,0.0625504666999879,-0.0811985582237704,0.0649824746082068,-0.0926698117595408,-0.0489013879337078,0.0105391168445281,-0.0707774179922303,0.0287808471219981,0.0752785814702454,-0.0291612741150339,-0.0506966428313037,0.023285931245335,0.021385008482815,-0.0409463702825386,-0.115575601872416,-0.181513480869018,-0.0754978741698963,0.00654427336006844,0.0991999235158183,-0.0803593356191342,-0.116303650781961
"33",-0.0578276424475746,-0.151226966780308,0.1360656739005,0.0493219384699364,0.177566900764212,0.0799045564328146,0.0393969070574279,-0.0510795801433889,-0.0771292766428655,-0.130098349717809,0.1082634160602,-0.0873648995648415,-0.408505014568521,0.0180800495577789,-0.137816528820953,-0.154860927123197,0.171280202758716,0.157873941167873,0.169168886856499,0.0761759562490805,-0.200804568683288,-0.0595544874660709,-0.0815005758492952,-0.0395427183418528,-0.0904774872932907,-0.0785235937437477,-0.100434783150863,0.029280506274699,-0.131446084526728,0.0117744998045054,0.00478891994822748,0.136412084594474,1,-0.011320439615907,-0.125036988457783,-0.0601943579021054,0.050526752148735,-0.0854877290125674,0.187314793048794,0.0199432101728232,-0.0248469385477514,-0.164550784327255,0.0365536969995146,0.106339328271463,-0.0543622030879794,-0.0651563183827649,-0.128470760644509,-0.138720803031249,-0.194480010986227,0.00430794564203034,-0.217384248769061,0.103351683338076,-0.190715319700693,0.0257528740727911,0.138774920584451,0.147534124576104,-0.137232685081576,0.016687221436836
"34",0.0335146562968241,-0.0236100867774835,-0.00674518473632163,0.0736136249600584,0.0112276423275757,-0.00310487442111574,0.0333586000153562,0.0319409594791012,-0.162406410893774,0.084394821981145,-0.00305723105971144,-0.0465510451175678,0.0872747658342703,0.109673877409429,-0.0891213990515536,-0.0578206076329554,0.0697589881255083,-0.0380722218829428,0.155911578930131,0.0799225857625315,-0.0344569516266539,-0.0826623745409474,-0.0436385604375306,0.011915868990061,-0.0193055288903493,0.168112806334281,0.111268043551695,-0.126450118979099,0.169469927447556,0.0362681785278956,0.162099709147438,0.112080598085475,-0.011320439615907,1,0.202038473983908,0.0168902704638296,0.103341448157598,0.0440981905943796,-0.0574172262608543,0.189993646134771,-0.0532887798961818,0.0484515566420062,0.15646250655887,0.0418115673175341,-0.0129404676117568,0.00338992193302478,0.0423970953826922,-0.0978080261882963,-0.0625123942692133,0.0816101383140299,-0.115034127491765,-0.190567072523006,0.101460707510493,-0.145711682159203,0.144459598057517,0.0311004666162326,-0.0821247517130091,-0.0852162715848543
"35",-0.013773654472311,-0.0925332311525801,-0.0288529830482615,-0.12267051651204,-0.0117635205495325,-0.0955199694804711,0.233942051084637,0.0680699385141027,-0.117136052500724,0.273524065951802,-0.0701130100405384,-0.137371871042262,0.0238241464951057,0.250405085887276,-0.0735040689496467,-0.0348115317216685,0.0434258493496216,0.0385496084529066,-0.0201818813665099,0.0254007725349255,0.0724472954707446,0.0342483511210998,0.0806648809286676,-0.212770783962998,-0.0387869657490133,0.112618561681147,0.11861699690474,0.0742223952634391,-0.0899320361504749,-0.0657935063982368,0.0275475033912703,-0.0286636490863202,-0.125036988457783,0.202038473983908,1,-0.0260116621780944,0.283825207071628,-0.0329122690303948,0.0429999307858274,0.264824332849366,0.205398942101361,0.0344490829131806,-0.0435350240183837,0.119683618054698,0.354565406780776,0.152661839223426,0.0099802893826173,0.014460816781627,0.165958561750118,0.267159207891051,-0.109016351082512,0.0576558567371588,-0.0936489390803629,-0.127252980431624,-0.118957520781783,-0.123213210008897,-0.0142102772397264,-0.0502997104171093
