"","l_Insular.Cortex","r_Insular.Cortex","l_Amygdal.Area","r_Amygdal.Area","l_Bed.Nucleus.of.the.Stria.Terminalis","r_Bed.Nucleus.of.the.Stria.Terminalis","l_Hippocampus","r_Hippocampus","l_Orbitofrontal.cortex","r_Orbitofrontal.cortex","l_Entorhinal.Cortex","r_Entorhinal.Cortex","l_Frontal.Association.Cortex","r_Frontal.Association.Cortex","l_Globus.Pallidus","r_Globus.Pallidus","l_Glomerular.Layer.of.the.Accessory.Olfactory.Bulb","r_Glomerular.Layer.of.the.Accessory.Olfactory.Bulb","l_Glomerular.Layer.of.the.Olfactory.Bulb","r_Glomerular.Layer.of.the.Olfactory.Bulb","l_Granule.Cell.Level.of.the.Cerebellum","r_Granule.Cell.Level.of.the.Cerebellum","l_Hypothalamic.Region","r_Hypothalamic.Region","l_Entorhinal.Cortex","r_Entorhinal.Cortex","l_Vermix.Molecular.Layer.of.the.Cerebellum","r_Vermix.Molecular.Layer.of.the.Cerebellum","l_Lateral.Molecular.Layer.of.the.Cerebellum","r_Lateral.Molecular.Layer.of.the.Cerebellum","l_Anterior.Olfactory.Bulb","r_Anterior.Olfactory.Bulb","l_Posterior.Olfactory.Bulb","r_Posterior.Olfactory.Bulb","l_Subiculum","r_Subiculum","l_Perirhinal.Area","r_Perirhinal.Area","l_PreLimbic.System","r_PreLimbic.System","l_Primary.Cingular.Cortex","r_Primary.Cingular.Cortex","l_Primary.Motor.Cortex","r_Primary.Motor.Cortex","l_Retrosplenial.Cortex","r_Retrosplenial.Cortex","l_Secondary.Cingular.Cortex","r_Secondary.Cingular.Cortex","l_Secondary.Motor.Cortex","r_Secondary.Motor.Cortex","l_Striatum","r_Striatum","l_Ventral.Tegmental.Area","r_Ventral.Tegmental.Area","l_Substantia.Nigra","r_Substantia.Nigra","l_Thalamus","r_Thalamus"
"1",1,0.359306998877198,0.184266649390154,-0.0523372798450093,0.0791205686202276,-0.208347577343815,0.168078179375672,0.0168705154316312,0.331293201766442,0.159478307382327,0.378262617343116,0.0838119265485182,0.0811823655478211,0.104112830076147,0.181850504315446,0.0746298831823069,0.268373467917091,0.0930658480977687,0.0284189601496993,0.122408538522101,-0.0107969905492338,-0.175797458679495,-0.154064695939047,-0.0488541429317155,0.10421179430391,0.168626782620884,0.146297592087301,0.180653865748237,0.111474932632855,0.0447791242707151,0.20875080727018,0.130770182389628,0.124644982610046,0.223439184577255,0.0233781236427133,-0.0383252839913732,-0.0652896701663988,0.238006185608713,0.080195184361008,0.119450621226462,0.169295419371566,0.119132517576545,-0.0813544981884694,-0.010214156806939,0.0459877123079975,-0.139418364238074,-0.173792595640539,-0.194661406449436,0.0539609898432468,0.0593487659472826,0.0095652787580292,0.184931287308563,-0.0248342885417712,0.141626657359281,0.160283476312344,0.0351291493620994,-0.105245563934764,0.066493712706621
"2",0.359306998877198,1,-0.121644237713808,0.109666275195155,0.0286496357051509,-0.136289512699811,-0.0253052296774082,-0.0368836162192188,0.152966278348041,0.360786682912094,0.183436007562167,0.172389605688401,0.0167212267353119,0.00400746429158516,-0.0226752507857026,-0.0208895556207686,0.183213962389286,0.0231640512973932,0.0171404368378331,0.0662116145152249,0.0732993820189545,0.165204303102493,0.0195731227507107,0.00953105650932388,-0.130949966765556,-0.00456357909996752,0.164365212806485,0.06939096281148,0.22264555320454,-0.0173218693610866,0.101475573670221,0.0280787977608449,0.0384981757394772,0.0856328740902378,-0.085948827615491,0.0556150306526275,-0.0197209683400006,0.157991003854472,0.183642106756357,0.0666046451282369,0.0720566446883309,0.0840419501669361,-0.0756868330890688,-0.0175357610008779,-0.0754477574002201,0.0156454353958683,0.0208948295057022,0.049464779472657,0.0319214676477936,0.0661207921401231,-0.0147042120327847,0.0521537597731475,0.0499392265014618,0.113929509217747,0.0122674838550495,-0.126116430565986,-0.0574584286255137,0.0195839336079601
"3",0.184266649390154,-0.121644237713808,1,0.0315285282759164,0.0427004454560125,-0.377160000934631,0.118688316234466,0.0745010372297299,-0.0629968756623664,-0.073830787501027,0.308042456391206,0.0850651031032514,0.0973887432846028,-0.0245848259998317,-0.0532685571446305,0.116000697716247,0.0746918531418763,0.0938691282736534,-0.0464401851569917,0.00142990382026754,0.03274200419432,-0.258531477803307,0.0140862822359915,0.254899424768839,0.00295578598942818,0.195363679134799,0.114789793428206,0.0137312025433666,-0.0343680665582805,0.142595542744396,0.128159469603516,0.135222236636334,0.218460792984646,0.206153050294994,0.149723889473284,-0.11435662423075,-0.033072123018397,0.0809090853283697,0.0711605353788119,0.00803797518320954,0.0631636889300116,0.0260247276014061,0.231016437228686,0.121810014472309,0.0293762369597853,-0.00538702908167929,-0.0118132411155857,0.0150885546822707,0.112396729612151,0.0184773260080283,0.24589956229592,0.241577630616222,0.0120673237518683,0.079371931376646,-0.0714680495493297,-0.100361656126004,-0.0511583735832903,-0.11742811614612
"4",-0.0523372798450093,0.109666275195155,0.0315285282759164,1,-0.0638576285184529,0.088740935488341,-0.0526613888826764,-0.131489018283432,-0.161378823118879,0.26099387915705,0.0652769564856217,0.344313630162381,-0.050597390350707,-0.0560393347881632,0.0665509577356996,-0.00851086601110274,-0.152174495762431,-0.0779138929581861,-0.0784139084774384,0.0290948579535466,0.00655721835209811,0.0395533107235258,0.015116890376139,-0.0365833085420482,0.196326452302981,0.0985073751894251,-0.086815061078617,0.051575380443132,-0.0109913552071046,-0.162293768040446,0.143436051070918,0.170429272347432,0.0501938980043702,0.174638952837068,0.120660537972285,-0.0887826294698461,0.195022950105978,-0.0445613817036278,0.159163557215621,0.369373275187843,-0.133968318296918,0.0439153640330574,0.167841140582794,0.0522371458847032,0.018387823814639,-0.020708840332095,0.0894471905726536,0.13984742261027,-0.101468258837628,0.0789028564761343,0.0926935631150626,0.084539171615103,-0.0243753034332648,0.273014543816689,0.0392043801509781,0.073593048701066,-0.0211164524954382,-0.0253419499493158
"5",0.0791205686202276,0.0286496357051509,0.0427004454560125,-0.0638576285184529,1,0.127053243878381,0.018450107835485,0.0317512259355068,0.10130013097017,0.0261354781146077,0.0761087005044075,0.0725057688682194,0.214888152062879,0.152207972959562,0.0784528495408889,-0.0975820348362838,0.00205393648941382,0.0505956947198599,-0.0241001993543113,-0.0214201601856199,0.0497801191716935,0.0326384877293606,-0.106886501838918,0.021437662328999,0.27605369067288,-0.0383708184891091,0.132023110862663,-0.019307613118023,0.027954178373652,0.121550749374001,-0.156782559186874,-0.0912848357412567,0.144934073606307,0.138017114203139,0.0688688890266428,0.0784295014105236,0.223060553386054,0.144346227964458,0.20197218966778,0.145002515974166,0.0498558839665014,0.126217808072558,0.0744543475571372,0.0327828019477806,0.0698107346807584,0.0650658204596851,-0.0520987402814867,0.180895162072821,0.0900273106222163,0.257079899020162,0.142237293202553,-0.0328019423478388,0.0980569319667393,0.0889065406625752,-0.026069371494482,0.171011725474682,0.21255389914681,0.0820541656275282
"6",-0.208347577343815,-0.136289512699811,-0.377160000934631,0.088740935488341,0.127053243878381,1,-0.0549182384540951,-0.136163342900196,-0.00059440724153057,0.00854283784718314,-0.0758129028095258,-0.011129917715117,0.0412793145645223,0.177244898040695,0.0734307974425257,0.0503793796325673,-0.0369947163642631,0.0338469789339735,0.0579284556770268,0.114282931096852,-0.0157009281849479,0.0657057101470117,-0.108981632217642,-0.213090678366301,0.0601730478292671,-0.112675169737807,-0.0782394545520648,-0.0394971720782025,0.0181857964440685,-0.091249048791104,0.0735452453638857,0.136539562775302,-0.102908683597679,0.0146080755188808,-0.00951397727182335,0.0509875735422636,0.0997763552934635,0.176911899220807,0.130637302076204,0.192520714983081,0.0189923244051848,0.176525603972768,-0.112711968613641,0.142224067860767,-0.0153670291237815,0.0686397131781189,0.0971575117876125,0.0729713298864508,0.0399600120243714,0.15546229076119,-0.0943122714389592,-0.0642143967423653,-0.024625729071368,-0.0898976818869166,-0.036588300751616,0.125238996393254,0.0592709598093773,0.199743768005802
"7",0.168078179375672,-0.0253052296774082,0.118688316234466,-0.0526613888826764,0.018450107835485,-0.0549182384540951,1,0.290221363656537,-0.0959228602725856,-0.151812757125257,0.278249193978019,0.0158596408145211,0.163710027090817,0.0438980352115846,0.0649113612570212,0.133620710176962,0.0909097016683632,0.0708227191784054,-0.148412249279442,-0.0749672908995024,0.0973550710351051,-0.174109809074025,-0.0554325464421564,-0.13995432359348,-0.0546588319911717,-0.150070205644431,-0.00143540791065495,0.0155017376838364,-0.00539402316941606,0.0603850271175017,-0.123691174640674,-0.060932209120673,0.200112264768076,0.141383444632667,0.241625374434061,-0.00999240280771848,0.125677998072281,0.103397576420168,-0.0113905387257792,0.235370795897619,0.0974664783378179,0.0248078281565998,0.135651785414738,0.178183090471212,0.0975650839702966,-0.00198484822951452,0.0197087800417702,0.137415042357548,0.222380910511525,0.0858926949883044,0.0436465138262469,0.130707403509292,-0.0576006820161707,0.0157323191218488,0.0241768795087399,0.00223356753421097,0.114909629621027,0.108804944916281
"8",0.0168705154316312,-0.0368836162192188,0.0745010372297299,-0.131489018283432,0.0317512259355068,-0.136163342900196,0.290221363656537,1,-0.0217496058956243,-0.0687908181636562,0.118734643338921,0.0349757860012531,0.0432206571760817,-0.0337952206964347,-0.0649272478090806,0.114711037577451,0.13452904981459,0.246924921473116,0.0117304599803176,0.127117801867382,0.108590033344801,0.0617057948067031,0.0185198639321296,0.128990146158482,-0.0408755548438303,-0.00294072961875361,0.0416233840889075,0.0614180675225871,-0.0374715089286363,0.0260008357166364,0.0279576919108533,0.102403842611735,0.0844404002504547,0.0661602070539332,0.209434570129719,0.283849404591547,0.0402147343692801,0.195269845207044,-0.0107496251797826,0.134456365485951,0.171543818817256,0.0898857135033412,0.17014114480916,-0.0315550388773816,0.203019469519733,-0.0285288855130369,0.0595532086643464,0.128429832572179,0.12538361832925,0.144487009256915,-0.0445371800364766,-0.128294437778965,-0.0904945784579468,-0.0266662178312435,0.156650419619273,0.0221397529066296,0.0406768779099634,0.130506318072749
"9",0.331293201766442,0.152966278348041,-0.0629968756623664,-0.161378823118879,0.10130013097017,-0.00059440724153057,-0.0959228602725856,-0.0217496058956243,1,0.252569185631834,0.0918017843224823,0.0312596121657467,0.198751758484507,0.10213637483935,-0.0711251270715269,-0.022201115092616,0.176520333077506,-0.0654582367110009,0.0204590802477969,0.0716125617955197,0.035047040463396,-0.0799056478315944,-0.232102714178128,0.107673698408519,0.23715310095456,0.130859694318038,0.042284293933112,0.0994904043339005,0.113040074321292,-0.137267114188966,0.131360881072123,0.203178460459915,-0.0113492089414874,-0.0390485651540567,-0.0035454822328227,0.037382244610586,-0.0776010125620137,0.133069608712708,0.0964569380686223,-0.236616881949671,0.0759647721085723,-0.0419025080578997,0.0838085894422434,-0.101673435434107,-0.0478050977718641,-0.161426029297233,-0.00018647522871575,-0.0896426692913146,0.17355349957238,-0.0383294577130326,-0.0944695206077417,-0.0987860882507159,-0.102875341652132,-0.195931679626204,-0.148811405620928,0.103250048311924,0.0691599924480779,-0.149011903011442
"10",0.159478307382327,0.360786682912094,-0.073830787501027,0.26099387915705,0.0261354781146077,0.00854283784718314,-0.151812757125257,-0.0687908181636562,0.252569185631834,1,0.153356914231416,0.00726027573542614,0.17097511734435,0.144693934743467,-0.00527063088688791,-0.166080841912214,0.0403348629770036,-0.0104654752276331,0.0252202995782503,0.120016839196104,0.081776330795576,0.0332651936728057,-0.093577213955352,0.0437772266931366,0.00860729399907221,0.00303740241716528,0.0654894510128596,-0.117273962488457,0.221984161561798,-0.208539542149809,0.202044654605009,0.0651799945490283,-0.0462164875528435,0.0354480594977199,-0.0617777162065649,-0.0330391675955502,-0.154807059123888,0.00883262516275128,0.175766355050251,0.0961869612241545,-0.153918300839864,-0.101849239174826,-0.0493804151947759,0.185360431245708,-0.231829855754167,0.00239709190653033,-0.0371689683240169,-0.129962025691752,0.0460893526110538,0.113643816141622,0.0501541837874798,0.139795396290926,-0.0350057217200717,0.15536875089242,-0.123476101132837,-0.0326896743305444,-0.112113879668958,-0.116290622151096
"11",0.378262617343116,0.183436007562167,0.308042456391206,0.0652769564856217,0.0761087005044075,-0.0758129028095258,0.278249193978019,0.118734643338921,0.0918017843224823,0.153356914231416,1,0.293265717180278,0.186169038688265,0.0832149429598338,0.216208506874876,0.0480633754686044,0.0933470932580482,0.106111901424316,-0.163557081406145,0.286972673770915,0.118104915222368,-0.169121572722519,-0.0409020152918199,0.109621676076299,0.093772065335425,-0.0279165046786281,0.0493633745872073,0.00079695664234361,0.155128994624133,0.144543736882702,0.175970977270556,0.0534620649843491,0.158746322787859,0.233091112762015,0.00204477832297263,0.0491877855516359,0.140511313328437,0.254512609999336,0.204281840326982,0.141705077955274,0.114028508082338,0.172692713976116,0.134756668255865,0.175627287588707,0.0135177847621325,0.0982306574006091,0.0792442479654866,0.0925700897095267,0.153433203938132,0.19964063700402,0.233050292528547,0.310770411687551,-0.0635872855341617,0.118609476331819,0.0243533807937268,0.00476259973368672,0.0787690912770311,0.0461236355139529
"12",0.0838119265485182,0.172389605688401,0.0850651031032514,0.344313630162381,0.0725057688682194,-0.011129917715117,0.0158596408145212,0.0349757860012531,0.0312596121657467,0.00726027573542614,0.293265717180278,1,0.158572385605959,-0.0103784693971079,0.139309210407398,0.144505551292701,-0.0499610008126471,0.041791115505763,-0.0196554627378665,0.29852711275084,-0.0574766694219281,-0.0993581433235143,0.0416774079967027,0.0211721805023904,0.236293870342875,0.0844811040063868,0.0664266924148812,0.163568964640593,0.0754541275630737,-0.0107336125609429,0.212879103397215,0.175884592831041,0.182360621681203,0.103637797913203,0.00478859430712581,0.0110059724133948,0.051702976015975,0.0930817778004283,0.252933497751501,0.22386047881899,-0.00525083153944194,0.0294359242307299,0.259804703707081,-0.108703947453265,-0.0163269165757768,-0.172877577051475,0.0176387064349291,0.101506150712741,0.136328438302349,0.0181107585135724,0.199157684802632,0.123613214494407,0.105947431849641,0.212630586337678,0.0301930755991862,0.0659684598360038,0.101753123036071,0.0285829903076078
"13",0.0811823655478211,0.0167212267353119,0.0973887432846028,-0.050597390350707,0.214888152062879,0.0412793145645223,0.163710027090817,0.0432206571760817,0.198751758484507,0.17097511734435,0.186169038688265,0.158572385605959,1,0.226671998802515,0.0966093177445706,0.0447436846999427,0.287971608675391,0.185713055517258,-0.0460595321760897,0.0840396840732799,0.272267456599157,-0.0283392981263647,-0.242719309421147,0.052758145393249,0.0731551083271318,0.0513183983973612,-0.00162080315286499,-0.0262440810030025,0.0921144136261115,0.0598525802881789,0.199980184880291,-0.0138617540358198,0.19627034902348,0.0860917188825647,-0.0173995602681684,-0.14892365068246,-0.238543806082844,-0.129225571179805,0.0615840581004744,-0.00966645524599287,-0.025726586262406,-0.0635097009559991,0.194204219471788,0.182935796568009,-0.0887599662075288,-0.137963760332601,0.0562088875655227,-0.0300541844322867,0.582131569560613,0.173046438405678,0.063042498865455,0.170430063091433,-0.153108526826329,0.0390769035351544,-0.171764287465098,-0.0444612381824333,0.230433520962867,0.0506167071617643
"14",0.104112830076147,0.00400746429158516,-0.0245848259998317,-0.0560393347881632,0.152207972959562,0.177244898040695,0.0438980352115846,-0.0337952206964347,0.10213637483935,0.144693934743467,0.0832149429598338,-0.0103784693971079,0.226671998802515,1,0.276355833182685,0.202820475482923,0.168293730520906,0.304738884280431,-0.0589366304801305,-0.0374142049197984,0.0140003288786536,0.117794306142171,0.045516972500711,0.00102912431273784,0.0257027096061951,-0.0360517859857738,0.104545119764873,0.00595714309904648,-0.0557162677919484,0.0269875256491533,0.0154243701973758,0.249900848998671,0.144564495449377,0.0314739118298334,0.00734640404653838,0.0100618536112804,-0.0460544804032214,-0.0151390998915891,0.079887124249134,0.0623452496078857,-0.0535190870068015,-0.0271224755164781,-0.0829849959146907,0.154173388685452,-0.226579811059237,-0.145146513507462,-0.0838129758839224,-0.233624579283663,0.0354018293173076,0.539385147280812,0.139771234023076,0.239420802993397,0.055381621389024,-0.0919556934342596,0.00437460388560304,0.0733566690060172,0.141456440591541,0.0125772607045514
"15",0.181850504315446,-0.0226752507857026,-0.0532685571446305,0.0665509577356996,0.0784528495408889,0.0734307974425257,0.0649113612570212,-0.0649272478090806,-0.0711251270715269,-0.00527063088688791,0.216208506874876,0.139309210407398,0.0966093177445706,0.276355833182685,1,0.0672753693647929,-0.0987439986447802,0.0582296586023644,-0.214879865407428,0.125975995160535,-0.0317479561188328,-0.0753424169805449,-0.0414394596013728,0.0358663421960519,0.03884883381995,-0.0493173496517682,0.0564591312081998,0.114301318130228,-0.0804903087227377,0.172307007655088,0.00080812446964488,0.0397342890472406,0.0725839454460783,0.0757266571578049,0.0448205260983993,0.0845916212618923,0.0594383051564252,0.165459385995869,0.0572077338533805,0.170612010286584,0.0645051898014685,0.102356524643644,-0.106397395658938,-0.116454629006782,0.0693418535151985,0.0248923954475091,-0.111776073772069,-0.142235001756428,-0.0170260471852771,0.0946868813293783,0.176889890762469,0.192550739250658,0.0908245441171901,0.298214094310978,-0.056242936889987,0.102415281487857,0.16689379241598,0.176793656883009
"16",0.0746298831823068,-0.0208895556207686,0.116000697716247,-0.00851086601110274,-0.0975820348362838,0.0503793796325673,0.133620710176962,0.114711037577451,-0.022201115092616,-0.166080841912214,0.0480633754686044,0.144505551292701,0.0447436846999428,0.202820475482923,0.0672753693647929,1,0.106524757755127,0.120376040939721,0.0223297704647095,0.124417056758974,-0.194079808925889,0.0501438666959815,0.0533660788252501,-0.0249491471363965,0.00119674695466041,-0.0768078752720215,0.225453429994951,0.087184579646791,-0.0663279986656465,0.233888538683272,0.0569434336799699,0.0462389207478401,0.177924258423369,0.0762145745365973,0.0286849687741838,-0.176150451062389,-0.054156754570979,0.0069450646278776,0.144230586488092,0.122885002024593,-0.0226669517191198,-0.0302449938246223,0.0400707585208167,-0.00708504670864346,-0.159643756812047,-0.206088260929836,0.033741013917288,0.0566674876564846,0.0867896894885514,0.116401277361749,0.201422696910646,0.249411883268544,0.061473458731563,-0.0571816573133784,0.0104575193862738,0.114021402919677,0.0136903215011793,0.144301155165719
"17",0.268373467917091,0.183213962389286,0.0746918531418763,-0.152174495762431,0.00205393648941382,-0.0369947163642631,0.0909097016683632,0.13452904981459,0.176520333077506,0.0403348629770036,0.0933470932580482,-0.0499610008126471,0.287971608675391,0.168293730520906,-0.0987439986447802,0.106524757755127,1,0.437712383531157,0.0929723335166385,0.00805516746647568,0.0255715073414152,0.168746932575897,0.128814787021978,0.0150851969848357,0.0809500632374732,-0.0184891316091393,0.121716006255511,-0.0408368497758669,-0.0065874930166313,0.00851182420014495,0.316929512754409,0.177203783924601,0.165023568805559,0.209438407046059,-0.13914550114719,-0.0828242836416579,-0.0369826635997556,0.0432975160106136,0.200634653406888,0.107383121029003,0.0836815936744697,0.15843303474911,0.0877764605723071,0.158213068105028,-0.119912272168333,-0.213662099746512,0.0206638875214503,-0.0790551753879072,0.391705581962158,0.292018312244067,0.134523901147723,0.121613203270321,-0.21298136445317,0.00482307843304801,0.0528262084928708,-0.0573008010477888,-0.122841878369043,-0.0266335256237517
"18",0.0930658480977687,0.0231640512973932,0.0938691282736534,-0.0779138929581861,0.0505956947198599,0.0338469789339735,0.0708227191784054,0.246924921473116,-0.0654582367110009,-0.0104654752276331,0.106111901424316,0.041791115505763,0.185713055517258,0.304738884280431,0.0582296586023644,0.120376040939721,0.437712383531157,1,0.0219015500042232,0.218025839152574,-0.0602025726421673,0.216664518854096,0.175766561380435,0.142867389591576,-0.177137432483898,-0.00901027819052527,0.0870553798565157,-0.0802834655649707,-0.104440523591149,-0.0224525326154576,0.205441650626663,0.252892669406437,0.156379778369549,0.138089547635669,-0.130929949186815,0.0681239652988992,-0.0239869302823178,0.0479728789803318,0.341423936782053,0.235876664219407,0.162198996426049,0.238950609705073,0.0162748236646674,0.115835594496928,-0.128512053843767,-0.140974603853063,0.122253536935722,0.0338929075112711,0.163004842483419,0.496185491976824,0.189466573605209,0.230813800196327,-0.0669026103407314,0.0442009890445533,0.0539344564808755,0.00179788572766303,0.0746902921516936,0.136050467951069
"19",0.0284189601496993,0.0171404368378331,-0.0464401851569917,-0.0784139084774384,-0.0241001993543113,0.0579284556770268,-0.148412249279442,0.0117304599803176,0.0204590802477969,0.0252202995782503,-0.163557081406145,-0.0196554627378665,-0.0460595321760897,-0.0589366304801305,-0.214879865407428,0.0223297704647095,0.0929723335166385,0.0219015500042232,1,0.0175244850976485,0.039447695713412,0.107981329454022,0.0274734158038609,-0.0364654219386411,0.036730928047502,0.137423623358411,0.0134348608120598,-0.155440526056727,-0.12741775905425,-0.113634781880972,0.29587397416912,0.012597064350497,-0.10824581133166,-0.0221081193803212,-0.147416311723504,0.0587647093919631,0.0168554051489525,-0.0867610788664584,0.0690212781644326,-0.0410690434367954,0.0440439441205232,0.105371401979275,-0.0424359889180521,-0.0501707084043458,-0.0448356219273193,-0.0201835022406229,-0.0755240776846398,-0.224509656220271,0.0918178895162519,-0.0335000457271733,-0.157602695563001,-0.0638375739356768,0.0315069761754312,-0.2100946515483,-0.0298192162442117,-0.135416044758226,-0.16186307146379,-0.125092195679202
"20",0.122408538522101,0.0662116145152249,0.00142990382026754,0.0290948579535466,-0.0214201601856199,0.114282931096852,-0.0749672908995024,0.127117801867382,0.0716125617955197,0.120016839196104,0.286972673770915,0.29852711275084,0.0840396840732799,-0.0374142049197984,0.125975995160535,0.124417056758974,0.00805516746647568,0.218025839152574,0.0175244850976485,1,0.0839072059939597,0.0881979344484118,-0.157888791673682,0.178565217255332,-0.0366523747588287,0.109944243204013,-0.0219917889929659,-0.0457542239071902,0.0144871348403771,0.0359635486456889,0.25403146963843,0.259006236109127,0.031434244531548,0.114841236954599,0.0548264593588874,0.077952680740672,-0.102645297045371,0.167002809411821,0.0470568438591148,0.127260530671788,0.102769149894085,0.0652706547780073,-0.0235389802328555,0.0596847174528812,-0.00081215150317073,-0.0837246586803357,-0.0337135994643183,0.0374642581121439,0.0465748750846939,0.0590288682071227,-0.0815690239589648,0.0700406027354812,0.142355532916629,0.12252757074115,-0.00867607276513271,0.188399953363873,-0.0670222255251406,0.156866566247473
"21",-0.0107969905492338,0.0732993820189545,0.03274200419432,0.00655721835209811,0.0497801191716935,-0.0157009281849479,0.0973550710351051,0.108590033344801,0.035047040463396,0.081776330795576,0.118104915222368,-0.0574766694219281,0.272267456599157,0.0140003288786536,-0.0317479561188328,-0.194079808925889,0.0255715073414152,-0.0602025726421673,0.039447695713412,0.0839072059939597,1,-0.0123203930854457,-0.11351808235164,0.0299732063262948,-0.107975490272516,0.0784999590495524,-0.0279000980033521,0.0278467759075324,0.102735859134142,0.0223886806816753,0.102577273488459,-0.0921070301452337,0.11524816618488,0.119469661618289,0.0491112403173262,0.0202610782090496,0.00305947812032696,-0.122688693284901,0.0199276488129065,0.0293633767757187,0.0819590812243905,0.00827012740234012,0.044036140917456,0.107322327815111,0.0124052389053903,0.119252218169632,0.0936330326590473,-0.0383621315763108,0.0560750512081568,0.0102097614092786,-0.0448105425439173,-0.0121154375093777,-0.154127618461761,-0.0393331401524914,0.12992600109915,-0.0361568128346685,0.159007930898045,0.0609139066445573
"22",-0.175797458679495,0.165204303102493,-0.258531477803307,0.0395533107235258,0.0326384877293606,0.0657057101470117,-0.174109809074025,0.0617057948067031,-0.0799056478315944,0.0332651936728057,-0.169121572722519,-0.0993581433235142,-0.0283392981263647,0.117794306142171,-0.0753424169805449,0.0501438666959815,0.168746932575897,0.216664518854096,0.107981329454022,0.0881979344484118,-0.0123203930854457,1,0.131950556620207,-0.0639991569277196,-0.149489590040752,-0.184836875116151,0.0362607387348286,-0.101005976147923,0.0214250808820466,0.132381184017585,0.0272724464366846,-0.0817798935031654,-0.10655193581739,0.00575114503479077,-0.157938724925686,0.0394856095520807,-0.00872450080930456,-0.17432285584066,-0.0343586221390383,0.0490739773654104,-0.0872632799349319,0.0831205638145682,-0.0864913497125777,0.159389255801953,-0.0483980805618309,-0.0555281493043633,-0.0507677091168122,-0.00216747590133579,0.0134692578984628,0.168803633178406,0.00908866352636298,0.0281728732827315,-0.0630947910140675,0.0718773256521339,-0.0700640229345786,0.190531768947461,-0.00877308167542084,0.0177695297139471
"23",-0.154064695939047,0.0195731227507107,0.0140862822359915,0.0151168903761391,-0.106886501838918,-0.108981632217642,-0.0554325464421564,0.0185198639321296,-0.232102714178128,-0.093577213955352,-0.0409020152918199,0.0416774079967027,-0.242719309421147,0.045516972500711,-0.0414394596013728,0.0533660788252501,0.128814787021978,0.175766561380435,0.0274734158038609,-0.157888791673682,-0.11351808235164,0.131950556620207,1,0.204848216973129,-0.130484866711856,-0.0655030840603377,0.0756701389560475,0.132092772579594,-0.0742960676197108,0.0285150473451178,0.118109157306339,0.0779861008373381,0.0871533065668075,-0.0847473964513919,0.0150119570553211,0.162597410160669,0.18545221759596,-0.142130097155354,0.101114281305457,0.0172667850362838,0.125359999950966,0.0982028465102673,0.0880052227338379,0.140985221699125,-0.0097759873263458,0.0992537569715749,0.0556498204230462,0.0388708378281572,-0.0286508105078317,0.234393254586761,0.0889344760581455,0.0199759928155389,0.033353216871686,-0.0298693649321998,0.0627298911596222,-0.0794107153050287,-0.062240565721024,0.0380950036832385
"24",-0.0488541429317155,0.00953105650932388,0.254899424768839,-0.0365833085420482,0.021437662328999,-0.213090678366301,-0.13995432359348,0.128990146158482,0.107673698408519,0.0437772266931366,0.109621676076299,0.0211721805023904,0.052758145393249,0.00102912431273784,0.0358663421960519,-0.0249491471363965,0.0150851969848357,0.142867389591576,-0.0364654219386411,0.178565217255332,0.0299732063262948,-0.0639991569277196,0.204848216973129,1,-0.0747310683143877,0.173805245687042,0.0823301961724123,-0.0802051689072904,-0.0448921752973635,-0.0828976001205764,0.150029355603236,0.207716111681249,0.101380953531684,-0.116734974148918,0.116827378566818,-0.0226939582872077,0.0513444552685876,0.0714539060340502,0.105932675062391,-0.091281236509971,0.129357518269281,0.0309399289601155,-0.0836071912303438,-0.0919260194590886,0.0114281624832743,-0.0266520573669514,0.227048013461625,0.0987335749266249,-0.0097353000781234,0.0182375893898126,0.0279996230167014,0.0679688682329848,0.0257276945629586,-0.0521829166400756,-0.00188346303739682,0.0321652216903521,-0.0182911671799326,-0.021365487991717
"25",0.10421179430391,-0.130949966765556,0.00295578598942818,0.196326452302981,0.27605369067288,0.0601730478292671,-0.0546588319911717,-0.0408755548438303,0.23715310095456,0.00860729399907221,0.093772065335425,0.236293870342875,0.0731551083271318,0.0257027096061951,0.0388488338199499,0.00119674695466041,0.0809500632374732,-0.177137432483898,0.036730928047502,-0.0366523747588287,-0.107975490272516,-0.149489590040752,-0.130484866711856,-0.0747310683143877,1,-0.0698135167199024,-0.129765315883278,0.013553493770424,-0.00076192639265371,-0.0233677786165646,0.121747524915718,0.0188672254157926,0.0162208068868965,0.149411963317146,0.067452159052758,0.0831227589962116,0.185405453261268,-0.0289659800354685,-0.051330162382582,0.0989361027342134,-0.111665775895669,-0.0428763254591153,0.192333382508877,-0.0934866502339715,-0.0681642335927211,-0.132336390788264,-0.0354915729327581,-0.0153185286862811,0.139205550237626,0.0377109661472735,-0.0147048027357153,-0.0958733018767774,-0.0622929147054421,-0.0081316446816069,-0.00446809778127111,0.0721577889772189,0.0250638358094993,-0.145594103378871
"26",0.168626782620884,-0.00456357909996752,0.195363679134799,0.0985073751894251,-0.0383708184891091,-0.112675169737807,-0.150070205644431,-0.00294072961875361,0.130859694318038,0.00303740241716528,-0.0279165046786281,0.0844811040063868,0.0513183983973612,-0.0360517859857738,-0.0493173496517682,-0.0768078752720215,-0.0184891316091393,-0.00901027819052527,0.137423623358411,0.109944243204013,0.0784999590495524,-0.184836875116151,-0.0655030840603377,0.173805245687042,-0.0698135167199024,1,0.0360832564349671,0.192871783977154,-0.0870699717077274,-0.241494130314752,0.107161816424808,0.098789754309497,-0.143542852043935,0.0129936487525864,-0.0364115536810384,-0.128195388435094,0.0936196623226263,-0.0326165525242205,-0.0463824046355508,-0.0994680897725785,0.0742257948570803,0.0107147970565779,-0.149304403833095,-0.0917193186822123,0.0844327411734547,0.151646729868276,-0.173154268445518,-0.066525889910803,-0.103809817213691,-0.0670234834467666,-0.215122666501683,0.0104429583803892,0.214114488206836,0.0819962520004709,0.0871586575109255,0.0174677688288866,-0.00619591159483064,0.0460813290784168
"27",0.146297592087301,0.164365212806485,0.114789793428206,-0.086815061078617,0.132023110862663,-0.0782394545520648,-0.00143540791065495,0.0416233840889075,0.042284293933112,0.0654894510128596,0.0493633745872073,0.0664266924148812,-0.00162080315286499,0.104545119764873,0.0564591312081998,0.225453429994951,0.121716006255511,0.0870553798565157,0.0134348608120598,-0.0219917889929659,-0.0279000980033521,0.0362607387348286,0.0756701389560475,0.0823301961724123,-0.129765315883278,0.0360832564349671,1,0.0396345799399479,0.200340607904835,0.174565691273495,-0.125916417088689,-0.0323476596208456,-0.0390726524282035,0.147666675808514,-0.0835837269682927,-0.0741367011818716,0.0403131481087675,0.116359482219676,0.209520128670134,0.152051348620661,0.157720407958177,0.0268785576192021,0.0216259303334835,0.0153473231151838,-0.0142996708296619,-0.125981832715313,0.1144842249695,0.0521370831592477,0.043678746767695,0.0623150348519329,0.106314965140246,0.100527177095449,0.187827490328036,0.168913297138003,0.0290388440105842,0.0691794496646972,0.0252842339578668,0.210656140695272
"28",0.180653865748237,0.06939096281148,0.0137312025433666,0.051575380443132,-0.019307613118023,-0.0394971720782025,0.0155017376838364,0.0614180675225871,0.0994904043339005,-0.117273962488457,0.00079695664234361,0.163568964640593,-0.0262440810030025,0.00595714309904648,0.114301318130228,0.087184579646791,-0.0408368497758669,-0.0802834655649707,-0.155440526056727,-0.0457542239071902,0.0278467759075324,-0.101005976147923,0.132092772579594,-0.0802051689072904,0.013553493770424,0.192871783977154,0.0396345799399479,1,0.139065255410099,0.156555874517356,-0.176850129354082,0.0262282010205927,-0.0197575222653273,0.0109211939332274,-0.00484222027608731,-0.0709125560066105,0.032432150541019,-0.13071670477898,0.0323204164686757,0.0144020286017335,0.114680404989016,-0.0426932676356074,0.00031002015586046,0.00052417321190132,-0.0237803849240471,-0.158384828306632,-0.150722436469412,-0.0678066954237293,0.0637114846729189,-0.0913953775485615,-0.00586597785945094,0.0713556564767679,-0.0524451419161588,0.100910491976683,0.104497175929791,0.0426722295822459,0.0319742961700956,0.138072817144874
"29",0.111474932632855,0.22264555320454,-0.0343680665582805,-0.0109913552071046,0.027954178373652,0.0181857964440685,-0.00539402316941606,-0.0374715089286363,0.113040074321292,0.221984161561798,0.155128994624133,0.0754541275630737,0.0921144136261115,-0.0557162677919484,-0.0804903087227377,-0.0663279986656465,-0.0065874930166313,-0.104440523591149,-0.12741775905425,0.0144871348403771,0.102735859134142,0.0214250808820466,-0.0742960676197108,-0.0448921752973635,-0.00076192639265371,-0.0870699717077274,0.200340607904835,0.139065255410099,1,0.0690564814057875,-0.170633131999071,-0.00195352964409218,-0.00608974684969426,0.0815581720074746,-0.054676726789538,-0.0222031851072311,-0.0217906576351264,-0.0374307160404517,0.0804766213030317,0.229513107331048,-0.114431086274717,-0.0784276011440317,-0.0439981893849354,0.0992040735988812,-0.133348118753978,-0.231519346228552,0.0934562616928193,0.0142062373561397,0.0635152557305483,-0.0123538195941009,-0.0597879433121726,-0.0509801299150721,-0.0867021628116305,0.131224899057723,-0.0977730288035116,-0.0702211505978578,-0.0789022325071742,0.0373143851296185
"30",0.0447791242707151,-0.0173218693610866,0.142595542744396,-0.162293768040446,0.121550749374001,-0.091249048791104,0.0603850271175017,0.0260008357166364,-0.137267114188966,-0.208539542149809,0.144543736882702,-0.0107336125609429,0.0598525802881789,0.0269875256491533,0.172307007655088,0.233888538683272,0.00851182420014495,-0.0224525326154576,-0.113634781880972,0.0359635486456889,0.0223886806816753,0.132381184017585,0.0285150473451178,-0.0828976001205764,-0.0233677786165646,-0.241494130314752,0.174565691273495,0.156555874517356,0.0690564814057875,1,-0.142455536286292,-0.0893817353203486,0.105279590070351,0.0754237343970623,-0.0985977621647375,-0.0682623913389402,0.0864418497474977,0.0357214937241713,-0.0958955833186388,0.0463442576594014,0.0477866890660449,0.0184528077313511,0.0402876772328982,-0.0128188591895611,-0.0142269936642971,-0.0279628049910381,0.0383540712539315,0.0337956315291352,0.0122462358185495,-0.0748713842176816,0.18334696847566,0.0367161130274226,0.0364995790721344,0.144715597911214,-0.0508785195996668,-0.00436494289207491,0.233918879529323,0.263623075005269
"31",0.20875080727018,0.101475573670221,0.128159469603516,0.143436051070918,-0.156782559186874,0.0735452453638857,-0.123691174640674,0.0279576919108533,0.131360881072123,0.202044654605009,0.175970977270556,0.212879103397215,0.199980184880291,0.0154243701973758,0.00080812446964488,0.0569434336799699,0.316929512754409,0.205441650626663,0.29587397416912,0.25403146963843,0.102577273488459,0.0272724464366846,0.118109157306339,0.150029355603236,0.121747524915718,0.107161816424808,-0.125916417088689,-0.176850129354082,-0.170633131999071,-0.142455536286292,1,0.279679826481656,0.0989899014083113,0.161607539294726,-0.0612599981717403,-0.025739376461691,-0.0532193986186257,0.176403486150414,0.114782982809466,-0.00349450609123263,-0.0568736707476203,-0.0692994075097982,0.00315002492100436,0.0872828216455002,-0.159230011776736,-0.126678559927563,0.00664480857690675,-0.206468264959579,0.108773268579397,0.0126807456831723,-0.0221566653672059,0.0123900795673746,-0.179656307955696,0.0127029541275735,0.0629778499725283,0.043807558185894,-0.110898402432807,-0.138502191852357
"32",0.130770182389628,0.0280787977608449,0.135222236636334,0.170429272347432,-0.0912848357412567,0.136539562775302,-0.060932209120673,0.102403842611735,0.203178460459915,0.0651799945490283,0.0534620649843491,0.175884592831041,-0.0138617540358198,0.249900848998671,0.0397342890472406,0.0462389207478401,0.177203783924601,0.252892669406437,0.012597064350497,0.259006236109127,-0.0921070301452337,-0.0817798935031654,0.0779861008373381,0.207716111681249,0.0188672254157926,0.098789754309497,-0.0323476596208456,0.0262282010205927,-0.00195352964409218,-0.0893817353203486,0.279679826481656,1,0.048853580213647,0.178392029308732,0.0868912450539176,0.0737340874725467,0.0312586427767015,0.203805165464538,0.220436057315742,0.297883651586341,0.0746730055806316,0.139606910140269,0.00693224652444427,-0.107229997223458,0.00608154062036913,-0.0914974142439508,0.08247830018324,0.0283906172425843,-0.0116579081687334,0.16561154813804,0.109039168590059,0.129721102532137,-0.0985277215019671,-0.167537279203922,0.053106662480173,0.0256464462433506,-0.0958274859169139,-0.030788659872157
"33",0.124644982610046,0.0384981757394772,0.218460792984646,0.0501938980043702,0.144934073606307,-0.102908683597679,0.200112264768076,0.0844404002504547,-0.0113492089414874,-0.0462164875528435,0.158746322787859,0.182360621681203,0.19627034902348,0.144564495449377,0.0725839454460783,0.177924258423369,0.165023568805559,0.156379778369549,-0.10824581133166,0.031434244531548,0.11524816618488,-0.10655193581739,0.0871533065668075,0.101380953531684,0.0162208068868965,-0.143542852043935,-0.0390726524282035,-0.0197575222653273,-0.00608974684969426,0.105279590070351,0.0989899014083113,0.048853580213647,1,0.300304338809747,-0.108194914309733,-0.0835190714342061,-0.134795427042421,0.0186301496176122,0.363231411955965,0.217001190729895,-0.0448543050575085,-0.00346764713815588,0.123342161696124,0.0282054410978958,-0.10762146692981,-0.240899403643882,0.0466918778057891,0.097718979486009,-0.0485624383775429,0.180114445605373,0.370170520706694,0.127956669108424,-0.0424737283259119,0.00952353487011059,0.0340076772088917,0.205525920585381,0.0887323241740435,-0.0451711540532555
"34",0.223439184577255,0.0856328740902378,0.206153050294994,0.174638952837068,0.138017114203139,0.0146080755188808,0.141383444632667,0.0661602070539332,-0.0390485651540567,0.0354480594977199,0.233091112762015,0.103637797913203,0.0860917188825647,0.0314739118298334,0.0757266571578049,0.0762145745365973,0.209438407046059,0.138089547635669,-0.0221081193803212,0.114841236954599,0.119469661618289,0.00575114503479077,-0.0847473964513919,-0.116734974148918,0.149411963317146,0.0129936487525864,0.147666675808514,0.0109211939332274,0.0815581720074746,0.0754237343970623,0.161607539294726,0.178392029308732,0.300304338809747,1,-0.14468231129148,-0.0450355464203331,0.184726902330173,0.155970686983875,0.337301039395082,0.411194921176606,-0.0640329133395779,0.0722036762494098,-0.0717036365538482,-0.0397610555190202,-0.182502623691025,-0.331242476527568,0.0448921803607513,0.0129983088949321,-0.0247332670113481,-0.0170687784073451,0.149971766155806,0.126916719736151,0.0209947827495178,0.150105774477881,0.225580458862633,0.188359706179673,-0.137932076064414,-0.0676985344862419
"35",0.0233781236427133,-0.085948827615491,0.149723889473284,0.120660537972285,0.0688688890266428,-0.00951397727182335,0.241625374434061,0.209434570129719,-0.0035454822328227,-0.0617777162065649,0.00204477832297263,0.00478859430712581,-0.0173995602681683,0.00734640404653838,0.0448205260983993,0.0286849687741838,-0.13914550114719,-0.130929949186815,-0.147416311723504,0.0548264593588874,0.0491112403173261,-0.157938724925686,0.0150119570553211,0.116827378566818,0.067452159052758,-0.0364115536810384,-0.0835837269682927,-0.00484222027608731,-0.054676726789538,-0.0985977621647375,-0.0612599981717403,0.0868912450539176,-0.108194914309733,-0.14468231129148,1,0.169743759404523,0.236201871372256,0.122014931178107,-0.262847193698387,0.0583472264078836,0.234310940019615,0.163660498803338,0.133708694084993,-0.0836258430455501,0.337338317998812,0.278857622831662,0.188020063786306,0.188787040366359,0.183551426016416,0.106749317013106,-0.079506170575614,-0.195973700402589,0.036859219328974,0.0960942022794893,-0.175028512385029,-0.0576122349138556,0.037036299469558,-0.0324287018146767
