"","l_Insular.Cortex","r_Insular.Cortex","l_Amygdal.Area","r_Amygdal.Area","l_Bed.Nucleus.of.the.Stria.Terminalis","r_Bed.Nucleus.of.the.Stria.Terminalis","l_Hippocampus","r_Hippocampus","l_Orbitofrontal.cortex","r_Orbitofrontal.cortex","l_Entorhinal.Cortex","r_Entorhinal.Cortex","l_Frontal.Association.Cortex","r_Frontal.Association.Cortex","l_Globus.Pallidus","r_Globus.Pallidus","l_Glomerular.Layer.of.the.Accessory.Olfactory.Bulb","r_Glomerular.Layer.of.the.Accessory.Olfactory.Bulb","l_Glomerular.Layer.of.the.Olfactory.Bulb","r_Glomerular.Layer.of.the.Olfactory.Bulb","l_Granule.Cell.Level.of.the.Cerebellum","r_Granule.Cell.Level.of.the.Cerebellum","l_Hypothalamic.Region","r_Hypothalamic.Region","l_Entorhinal.Cortex","r_Entorhinal.Cortex","l_Vermix.Molecular.Layer.of.the.Cerebellum","r_Vermix.Molecular.Layer.of.the.Cerebellum","l_Lateral.Molecular.Layer.of.the.Cerebellum","r_Lateral.Molecular.Layer.of.the.Cerebellum","l_Anterior.Olfactory.Bulb","r_Anterior.Olfactory.Bulb","l_Posterior.Olfactory.Bulb","r_Posterior.Olfactory.Bulb","l_Subiculum","r_Subiculum","l_Perirhinal.Area","r_Perirhinal.Area","l_PreLimbic.System","r_PreLimbic.System","l_Primary.Cingular.Cortex","r_Primary.Cingular.Cortex","l_Primary.Motor.Cortex","r_Primary.Motor.Cortex","l_Retrosplenial.Cortex","r_Retrosplenial.Cortex","l_Secondary.Cingular.Cortex","r_Secondary.Cingular.Cortex","l_Secondary.Motor.Cortex","r_Secondary.Motor.Cortex","l_Striatum","r_Striatum","l_Ventral.Tegmental.Area","r_Ventral.Tegmental.Area","l_Substantia.Nigra","r_Substantia.Nigra","l_Thalamus","r_Thalamus"
"1",1,-0.112566570464958,-0.096490214095819,0.0169949088726214,0.193450954226274,-0.029775943743567,-0.235128262506395,0.0750183659183237,0.0142669648146124,-0.166412328032682,-0.0937458029430118,0.0525249805671132,-0.019489319359932,0.0993995967956107,0.208907313922695,-0.0894943722613009,-0.0512514445352004,0.0541287755878009,0.0459660912080933,-0.0227604991523204,0.0847399173458706,-0.130138093697646,0.00584334681994791,0.302489251797552,0.0861513425570674,0.0564374978948541,0.194594994542433,0.12315301791457,-0.113106994470961,0.0129940824052434,-0.0163593268761538,0.0214735499203263,-0.210782290992894,0.278791905492901,-0.116638868885761,0.00866743114988486,-0.0594406072226537,0.0426898128056564,0.106514561037838,-0.0286518450832282,-0.0402149784921639,-0.100771815280459,-0.0967776815482032,-0.0104328044903423,0.0620545113932282,-0.0532996663447633,-0.031542540275891,0.046954773145162,-0.102980950188448,-0.111574290176254,0.0889669231339627,0.04424655634199,-0.0507684906068124,0.170053155859914,0.0162090861321336,-0.0906333621635824,0.0615645809668557,0.0710842605469552
"2",-0.112566570464958,1,-0.210925004106798,-0.0556909734308932,-0.0719954153968108,0.238228270080765,0.130025761774826,-0.200570745912299,0.23574464550243,0.342672722709447,0.0387058488483789,0.0558630846875924,0.164183099348191,-0.127962018942809,0.019747960535461,0.124731928770752,-0.00979135152175397,-0.230129374344666,-0.111246994853319,0.0490651879317025,-0.0500945407296504,0.16473876088731,-0.0161021765869986,0.00978736127076888,-0.0139024630487431,0.00993062854161055,-0.0583298842319619,-0.166246385302457,-0.0438658308839098,-0.232144487460983,-0.0620713189405713,-0.153079972472579,0.0759556129447899,0.0646060568043659,-0.0199194624470191,-0.0239911457943916,-0.144993250775572,-0.166838641418937,-0.128171905680893,0.0991227986428961,-0.00168981285349549,-0.0414035633640047,0.144344918011224,-0.0373170473243234,0.0493537458778489,0.0183044851697085,-0.0393812939361588,-0.147304208624196,0.0708139758407974,-0.0665891989348117,0.082959823551835,0.1507186648049,-0.0119425305324748,-0.00774969265962293,-0.148987699403343,-0.0740964026225373,0.0605115226757445,-0.045603000138166
"3",-0.096490214095819,-0.210925004106798,1,0.104087474189459,0.0500896039080148,0.0139819233063434,0.112936331893382,0.0689158185770973,0.0176611018376145,-0.14689498604019,0.118193249867831,0.0778914067379359,-0.0807771266392987,-0.00619296262812653,0.105044216094562,-0.0116168380418736,0.0941393618945546,0.0140755147036163,-0.187557222936901,-0.0271885354352461,0.112306965795319,0.00387545652067186,-0.0142342525668761,-0.171297402420082,0.215177150868765,-0.0152360583511631,-0.108451501004574,-0.0859727508263679,0.176840121162698,0.0550836975236135,-0.138327112355699,-0.00809199196918311,-0.017645145957115,-0.0509234886727666,-0.0278568792702031,0.0227430192349932,0.0232920074230431,-0.0272152155215036,-0.0981058015874674,-0.0637503675436274,-0.0770055280556832,-0.0430573658360633,0.0938562049978123,0.0798418733470541,-0.0277883753435168,-0.163117375893543,0.0890786243085501,0.0899532245887763,-0.128449649213874,-0.023097401678074,0.00394959988175807,-0.162502604779541,0.0804590566818866,-0.069508538627567,0.0768139563303143,-0.0857234077206309,-0.010153166883757,0.108555431282203
"4",0.0169949088726214,-0.0556909734308932,0.104087474189459,1,0.00158132571680484,-0.139543815427273,0.0425633783974372,-0.0163894606189526,0.23646257935145,-0.0959245244198002,0.030027710868181,0.260057798087592,0.0529375559644402,-0.157520501680949,0.0285072214357652,0.0264530464127702,0.178670280613031,-0.115877038540633,-0.122125073232388,-0.15122557170222,0.140894150960776,-0.104468906663326,0.0388252100052247,-0.0881979738273176,0.0516209779529199,0.215146549247777,-0.0252602314505006,-0.156427658264279,0.0610608830488751,0.091167227554018,0.025282906617373,0.0529173709967435,0.0737764611929946,0.0084253489797612,0.00240151207315213,-0.0626564018630052,-0.258500672702649,-0.195863834751459,-0.0976678157128757,-0.106774433867882,-0.109510723342009,0.00129606295135951,0.0583566699872254,-0.0368242852881805,0.153016224547856,-0.0706434930398486,0.0379904553045395,-0.0387265152194806,0.143324718177872,-0.0632925808886779,-0.0576134300218404,-0.054306402548362,0.00598997806922908,-0.0522996497822398,0.0746818260943601,-0.250767764120759,0.0461302837770655,0.115699644570561
"5",0.193450954226274,-0.0719954153968108,0.0500896039080148,0.00158132571680484,1,0.0768319207890973,-0.232709448858823,0.0553575649748543,-0.046522697813593,-0.0867041873618712,-0.158120848138169,-0.00150840401778143,-0.115601275874088,0.112068154187829,0.211209445673425,-0.13371811287058,0.00809840121393332,0.0481286497977453,-0.0574065124842,0.0371287144016916,0.099305175059674,-0.131191366222862,-0.0160671625635175,0.164803442688335,0.013202360301567,-0.012398491703438,-0.129770728932789,-0.0276793928843901,-0.0901660749766555,-0.0957255022421828,-0.084373478152869,0.168715855310301,-0.0130257577199176,0.160512207399543,-0.0623273228435148,-0.042617786265156,-0.0448078383506002,0.132813003979792,-0.0433274020462798,-0.156692067661712,0.0350021758190592,0.070791415466093,-0.0534357995177934,-0.176610809950792,0.090430241974022,0.0952063468469629,0.0944947198125562,0.126080963669621,-0.26210511446307,0.0796740759048938,0.0247846659161687,0.043354930262437,0.0606876838501746,0.22316244336152,0.0272133453334602,-0.0480713236631483,0.199050415148518,0.0159391859940901
"6",-0.029775943743567,0.238228270080765,0.0139819233063434,-0.139543815427273,0.0768319207890973,1,0.0905511264269233,-0.0578509636361268,-0.015249952681732,0.0633938314034224,0.00971259941314097,-0.17222247994613,0.129181595997138,-0.0184469792054484,0.0607431568764588,0.0278198622324917,0.140302197278564,0.0123178358435922,-0.0459138994721004,-0.00895037701050986,0.0294962283683486,-0.0306796811413916,0.0909115622750244,-0.0798894528547033,-0.0255592236841484,-0.0970832277997493,-0.0268869824054451,-0.0241877936823813,-0.024117090458341,0.112383642202363,-0.100338912283176,-0.0152604568035569,0.0259693671881037,0.185397376536465,0.0567756358621016,0.0357766380340912,-0.00197783232681445,0.0422488189378375,-0.102343755650799,-0.0232067311138746,-0.0646177553299164,-0.198301310172564,0.195182196249292,0.0665792312570247,0.0703764906554415,0.129789428218407,-0.0158831932655206,-0.0684502968372624,0.0697386226173806,-0.101223234854948,0.114765083068461,-0.0580161919088543,-0.0167966591718561,0.0420889533677984,-0.0149705324462602,0.0877046825748511,0.0840380946789526,0.00884846168337162
"7",-0.235128262506395,0.130025761774826,0.112936331893382,0.0425633783974372,-0.232709448858823,0.0905511264269233,1,0.123159038460603,0.153953452442292,0.0346516660839871,-0.139131776437839,-0.0503516700879384,0.0121170190062345,-0.00715512091424447,-0.116711968751484,0.199278473677187,-0.0380260802653302,0.0762196077304677,-0.0689844961829636,-0.208656465747097,0.100666164824845,0.175570266061542,0.0591572307630185,-0.115394358370416,-0.087682573488826,0.109492500339685,-0.151347152590815,0.114243045869615,-0.0120439183263426,-0.0158891840060412,0.0244953757469912,0.0149743116351441,0.0913142243301388,-0.166462587135056,0.276170835822556,0.207433738442474,-0.0263851772480986,0.0191613975066865,-0.0377748786766528,0.0931651425900978,-0.152801263804096,-0.150533393512855,0.14076784827484,-0.175184309995631,0.0329942178338968,-0.00867245862823657,-0.0540129316290917,-0.0247157794649394,0.0169542099790188,-0.0548191607509088,-0.0141231511588092,0.098825362343443,0.165944329624958,0.049169579362512,-0.198385754115599,0.0604837551196407,0.0986535515150036,0.0472246598688203
"8",0.0750183659183237,-0.200570745912299,0.0689158185770973,-0.0163894606189526,0.0553575649748543,-0.0578509636361268,0.123159038460603,1,-0.115494572734742,-0.11575522640348,-0.14806458430918,-0.0256644816630211,0.00383595574292409,0.00954171005983467,-0.0149317478972082,-0.0715278668529194,-0.018236784087611,0.146600990790881,-0.00426100755784582,0.0211194234873767,-0.0237818712984027,-0.0511123770354411,0.0833359511026563,-0.0789216298329907,-0.132024939732976,0.188081761965724,-0.10847820677976,0.207471820610241,-0.0841894771337693,0.0335598078200829,0.171454360062027,0.115762313703511,0.136838384832235,-0.0120710198859948,0.134560955507213,0.269594757575406,0.139033721542277,0.257252305139082,0.0650351978106044,-0.143726784238548,-0.128437431501429,0.12362343951,-0.101185953210054,-0.0394146707438574,0.0353057200850534,-0.041681433071716,0.108904931853422,0.155550884481947,-0.015628543084765,0.00812192949212138,-0.183751092325599,-0.211734559412831,0.218598009696018,-0.00504737257288605,0.0347929029722489,-0.0461257717138154,-0.0783615094285438,0.00078405317382025
"9",0.0142669648146124,0.23574464550243,0.0176611018376145,0.23646257935145,-0.046522697813593,-0.015249952681732,0.153953452442292,-0.115494572734742,1,0.2180773968832,-0.153608058679643,0.158310368816707,0.173833290021873,0.0670266618662344,0.0609712819855648,0.160743110974536,0.277532913848375,-0.137121388379933,-0.135693160135108,-0.109996381428858,0.151640911661356,-0.179210991432231,0.0382727187135625,0.0637281162154732,-0.039236013923629,-0.0489672929799021,-0.0478078844661872,0.0362304841408062,-0.00665187171365829,-0.0753964688391525,-0.078284394102255,-0.077306409258194,-0.0727322237975174,-0.00453490678078044,0.039627427270807,0.0124914514502584,-0.0889189392584348,-0.131602619487111,0.0761019654133231,0.020055076603992,-0.0787880218276094,-0.0301837758241788,0.0629772894629252,-0.0280147041336161,0.00465520473566434,0.055856678270994,0.0453828839325987,0.0120822379797258,0.232576455364743,-0.0145212688208384,0.144497260180303,0.00222814894266292,-0.0326504227973155,-0.0958047002124765,0.126441090844265,0.0560642528072034,0.0611347054889368,-0.138716829366766
"10",-0.166412328032682,0.342672722709447,-0.14689498604019,-0.0959245244198002,-0.0867041873618712,0.0633938314034224,0.0346516660839871,-0.11575522640348,0.2180773968832,1,-0.0524273897039791,-0.094263617108954,0.200266751309023,-0.105709151602694,-0.100536215332353,0.0181233366090479,-0.0123824443422065,-0.154550156386458,-0.0686193306755202,0.078734119171081,0.00889118126003915,0.102405207403462,0.107237191037028,-0.0480221074508179,-0.216788138057122,0.035846083331458,-0.0626851027499564,-0.101293673393033,-0.00560985252058987,0.0346780550743707,0.079976817104264,-0.184679695666334,0.00397307224884834,0.00517039269089777,-0.0307394055902524,-0.0565188068262073,0.020809091107184,-0.0600607392979337,-0.0193682901380185,0.0666121450646423,0.16944412105619,0.0457650975725976,0.176568143577499,0.171188728252139,0.0308748681043459,-0.0225985500792211,-0.0538859906494807,-0.102834433587421,0.227522524626636,-0.0367568062336179,-0.309083234646483,0.0018961048007107,0.007603529253763,-0.0399486487564128,0.00718398840465933,0.0603019407157458,0.018858589002655,-0.117190430015657
"11",-0.0937458029430118,0.0387058488483789,0.118193249867831,0.030027710868181,-0.158120848138169,0.00971259941314097,-0.139131776437839,-0.14806458430918,-0.153608058679643,-0.0524273897039791,1,-0.0519622235632406,-0.109200873804657,0.0065734700263505,0.0029341745857169,0.0977907552014734,-0.0729199608988487,0.0035471429183749,-0.0603278364651519,0.0639549979762644,-0.0198521155250258,0.0497392212416461,0.0763262638557481,0.027558334923675,0.157319881153241,0.138558994287984,-0.00325529527718137,0.00913499856256934,0.119112314624988,0.0166643774119437,-0.149369428101326,-0.0770944048521322,-0.0999008721318532,-0.0160964459785707,-0.184844656510421,0.192519098903595,0.0388142410608224,0.0522767225429994,-0.210759681792693,0.105046800155849,-0.138529205088537,-0.135050122884491,-0.0245381071841125,0.119976842480506,0.183792276466428,-0.0305744496279162,-0.259935598288589,-0.00415201718007187,-0.174557009393981,0.0994641707080038,-0.0207470062012388,-0.0212971182351188,-0.00552270937089355,0.108174820057722,-0.217856618724575,-0.0644461373001034,0.0277839140558147,-0.0668166595271593
"12",0.0525249805671132,0.0558630846875924,0.0778914067379359,0.260057798087592,-0.00150840401778143,-0.17222247994613,-0.0503516700879384,-0.0256644816630211,0.158310368816707,-0.094263617108954,-0.0519622235632406,1,-0.0173985119057541,-0.0264735506488279,-0.032904332180624,0.195842526923934,-0.120118570635537,-0.0880346946187161,-0.0174638851473899,-0.043242774775932,0.0479387366213763,0.0255887035348399,-0.0236612502008928,-0.0169119521711921,0.0822305403768439,0.0640331730086278,0.0160632776306021,-0.181787739977303,0.0820310262456436,-0.0352045805988846,-0.085874595028993,-0.0185146072175414,0.0165831249554873,0.0766876695401674,0.071750844018228,-0.0813115628839434,0.0374641894740523,-0.106629451538004,-0.0381143108214169,-0.0957758337744299,-0.0109709357632082,0.0613265598937297,0.0288351031949866,0.0333541830842636,0.0410179369412251,0.0362722758372037,0.0600440450041246,0.145590944948149,0.0207151409402238,-0.109642570136721,-0.032081186084163,0.0295165337891326,-0.0197787688846948,-0.19462348222428,0.102749833351077,-0.130443228694869,-0.129358641518238,-0.0108707938432164
"13",-0.019489319359932,0.164183099348191,-0.0807771266392987,0.0529375559644402,-0.115601275874088,0.129181595997138,0.0121170190062345,0.00383595574292409,0.173833290021873,0.200266751309023,-0.109200873804657,-0.0173985119057541,1,-0.10313051943073,-0.0138137165015259,0.0788605233614536,0.133399314953977,-0.120735272321444,0.0920672371253549,0.0860045355217495,-0.296615530519387,0.0621617853522587,0.185232192247835,0.034135429061071,-0.128335986739455,-0.16404452065306,-0.187759994791466,-0.139087266633772,-0.0836262361663304,-0.18678658016896,0.150017961784284,-0.0897780182038187,0.0528885388540405,0.00867060729147769,-0.018055839270977,0.00372692661748167,-0.00244882635731004,-0.149252642050807,-0.0226167360194913,-0.0888805844691343,-0.130688270315538,-0.119970982244878,0.032862387638718,0.0122529414667535,-0.0173301328991186,-0.0845886937712286,-0.0152297695327178,-0.031391782482212,0.302019351723143,-0.0888324593986494,-0.12215232121788,-0.0338897193329959,-0.0375749480306158,-0.155339706857876,0.232852071444937,-0.106047071620581,-0.0420418833219991,-0.14396946567571
"14",0.0993995967956107,-0.127962018942809,-0.00619296262812653,-0.157520501680949,0.112068154187828,-0.0184469792054485,-0.00715512091424447,0.00954171005983467,0.0670266618662344,-0.105709151602694,0.0065734700263505,-0.0264735506488279,-0.10313051943073,1,0.0476900710362074,0.0420498867469024,-0.103123721450073,0.294961909450378,-0.0705568707859212,-0.0524943499180658,-0.0103321574659594,-0.158715363758143,-0.0223774617975767,0.126898069876376,0.0263972046987446,0.0435833057376878,0.119073349878425,-0.0785208474119371,-0.0437086286052947,-0.0532401786665754,-0.113546875346266,0.0293509795172701,0.00081749983399484,0.0571853539488315,0.110741185249514,0.109995760217163,0.0583181621121994,0.17656099709396,-0.123742780465898,0.0201361523566508,-0.111466734378319,-0.123301301803706,-0.0118778301915376,-0.19054650364269,-0.112599056383618,-0.0795165723023304,-0.0503910579436642,-0.0180975695546654,-0.0818032521584169,0.609134185582388,0.0579273701656204,0.134104712258271,0.00818419976452723,0.0131858941075385,0.0215342113461524,0.082073914736884,-0.0948884988473824,-0.0428825134743088
"15",0.208907313922695,0.019747960535461,0.105044216094562,0.0285072214357652,0.211209445673425,0.0607431568764588,-0.116711968751484,-0.0149317478972082,0.0609712819855648,-0.100536215332353,0.0029341745857169,-0.032904332180624,-0.0138137165015259,0.0476900710362074,1,-0.0326192292375938,-0.0893831700303315,-0.0629127759380345,0.0424491572340213,-0.140424620382161,0.18748511250341,-0.0300255536291939,-0.202147671469378,-0.0186008193255058,-0.0332700838196961,-0.0241935790791952,0.0222323328581495,-0.219485367785611,-0.103555271725758,-0.0262775953907077,0.149643596231669,0.0740007054899848,-0.144033703735403,0.0645518249300119,-0.216372400065308,-0.0818330544784791,-0.0298246860538353,0.0431047228273954,-0.159874740586782,0.0707196290115091,0.0283476373730248,-0.070528855575527,-0.154277011116299,0.0115226927575669,0.0219364417911707,-0.0124908365567681,0.0678653760763796,0.156312759176733,-0.171529068324443,0.103565909111218,0.175936340464155,-0.0611062287743313,-0.0278822802364744,0.280223184689041,-0.00466724254184253,-0.0160924782222233,-0.0608731943546652,-0.056448993320452
"16",-0.0894943722613009,0.124731928770752,-0.0116168380418736,0.0264530464127702,-0.13371811287058,0.0278198622324917,0.199278473677187,-0.0715278668529194,0.160743110974536,0.0181233366090479,0.0977907552014734,0.195842526923934,0.0788605233614536,0.0420498867469024,-0.0326192292375938,1,-0.195855968364538,-0.125304075285581,0.161771080416691,-0.0283639375236872,0.0420377346010335,0.0935519543457283,0.110751326275347,0.0336805444384926,0.178148292419846,0.00989570819760318,0.0443190370151579,0.0187295708332436,-0.0898624038041763,0.0149195457220545,-0.0352544988206297,0.0643062591849661,-0.0831592333016274,0.0312457871984293,0.0779645019246805,0.197000228959104,0.128410840374445,-0.0202867751430133,-0.201789042585771,0.0573841657761691,-0.0791691719530529,-0.0390014324958721,-0.0692076301947775,0.113029429059781,0.0620447491705845,0.132173073849739,0.0494079161969865,0.106101371743157,0.0428267153244732,0.182723101972809,0.0782993165986659,-0.0109780407402595,0.049183693654513,0.109724074600524,-0.181248382488869,0.038476133775592,-0.075688807062395,-0.134621050690054
"17",-0.0512514445352004,-0.00979135152175397,0.0941393618945546,0.178670280613031,0.00809840121393332,0.140302197278564,-0.0380260802653302,-0.018236784087611,0.277532913848375,-0.0123824443422065,-0.0729199608988487,-0.120118570635537,0.133399314953977,-0.103123721450073,-0.0893831700303315,-0.195855968364538,1,0.122846556159321,-0.152761769659554,0.119175490256053,0.0558188848011168,-0.220725279469751,-0.0779484850220865,-0.104941764530891,-0.027650616278776,-0.113482386150322,-0.0732926411913433,-0.0268797874594279,-0.0507754219312794,0.0875690240627901,0.00983616823936027,0.181784534088045,0.0738011560679722,0.0423851803538178,0.00250144688605302,0.108215439945232,-0.163647641290818,-0.227502111112785,0.272989119156868,-0.0195285209073005,0.0551524589712693,0.0277334495932024,-0.0339289135024111,-0.226273753379206,-0.187272999966905,0.0272195038388835,0.151927355804023,-0.0283794423660934,0.307232028321437,-0.11383603625107,0.141142611839589,-0.188421378360565,0.0049787482608655,0.00017724881078812,0.0629378289479672,-0.0278195323088019,0.137385804161171,0.0375047914823701
"18",0.0541287755878009,-0.230129374344666,0.0140755147036163,-0.115877038540633,0.0481286497977453,0.0123178358435922,0.0762196077304677,0.146600990790881,-0.137121388379933,-0.154550156386458,0.0035471429183749,-0.0880346946187161,-0.120735272321444,0.294961909450378,-0.0629127759380345,-0.125304075285581,0.122846556159321,1,-0.112500124640738,0.058744505610611,0.0714689263287455,-0.248373675511875,-0.0663426809898047,-0.0689764820307751,-0.082964618800008,0.0577066995860031,0.0508700563733946,0.107568153934487,-0.102635962718478,0.197803833741577,-0.0408344876530592,0.340603691158769,0.0308994068674251,0.0650145286002085,0.189204910805292,-0.0402007201109125,0.103865150565015,0.111878649498587,0.122177950757326,0.143171858407261,0.0283149055079753,-0.128869866218505,0.0953725536324158,-0.258602758411136,-0.212534361091714,-0.0696543168335607,-0.0690186898061696,-0.0379777598344349,0.0211093746471894,0.129885095447333,-0.0951890851132954,-0.049599797456605,0.134667038553006,0.0338999910026235,0.00670502012096549,0.13998475814869,-0.0508346203687195,-0.116115807891628
"19",0.0459660912080933,-0.111246994853319,-0.187557222936901,-0.122125073232388,-0.0574065124842,-0.0459138994721004,-0.0689844961829636,-0.00426100755784582,-0.135693160135108,-0.0686193306755202,-0.0603278364651519,-0.0174638851473899,0.0920672371253548,-0.0705568707859212,0.0424491572340213,0.161771080416691,-0.152761769659554,-0.112500124640738,1,0.173929342228492,-0.0954214744721475,0.0100857597731559,0.118633753861472,0.157126846009461,-0.0615580458904889,-0.0760017881863853,0.157405822835464,0.112710356943787,-0.236173116970783,-0.117630257791863,0.473293544390408,0.165178716960502,0.122902888265341,0.0126044386331856,0.0532543205464572,0.0339424789524174,-0.190535148401746,0.0999990690380481,-0.00420963899093524,0.120175429002522,-0.0255641923414922,0.0461820081280291,-0.211880345324856,0.119060126248447,-0.0694338258781242,0.234099599971984,0.0906032413482753,0.0926756125517483,0.0260763690502154,-0.0510925418407125,-0.00425100894584318,-0.00184652243757353,-0.166513082215795,0.0467196630720527,0.0939922262322297,0.169291504766407,0.0109910745198998,-0.160175556056342
"20",-0.0227604991523204,0.0490651879317025,-0.0271885354352461,-0.15122557170222,0.0371287144016916,-0.00895037701050986,-0.208656465747097,0.0211194234873767,-0.109996381428858,0.078734119171081,0.0639549979762644,-0.043242774775932,0.0860045355217495,-0.0524943499180658,-0.140424620382161,-0.0283639375236872,0.119175490256053,0.058744505610611,0.173929342228492,1,-0.0113155976232081,-0.121021507540961,-0.0121945807534737,-0.0825231833455286,-0.0540589031843038,-0.147850353352622,0.0856983683706108,0.118206971681415,-0.162890185946787,-0.139229520273965,0.112299062979397,0.35521955137091,0.0522473546383575,-0.216116803434178,0.024948343203528,0.0734601154294819,0.0303139603404586,-0.0409860716899505,0.0063493944772932,-0.244009350397657,0.130770986892331,-0.0332082848128599,0.00524624800872593,-0.0158198526094566,-0.0388902655148785,0.0829099795154917,-0.0152108951591067,0.0722629260547962,0.168760839605835,-0.112616565217615,-0.0273869933131742,-0.141282027076372,-0.0302910202485158,-0.0852294471103987,0.0221680434026139,0.031163721474955,0.00473941167079438,-0.08488274934519
"21",0.0847399173458706,-0.0500945407296504,0.112306965795319,0.140894150960776,0.099305175059674,0.0294962283683486,0.100666164824845,-0.0237818712984027,0.151640911661356,0.00889118126003915,-0.0198521155250258,0.0479387366213763,-0.296615530519387,-0.0103321574659594,0.18748511250341,0.0420377346010335,0.0558188848011168,0.0714689263287455,-0.0954214744721475,-0.0113155976232081,1,-0.0670937515161648,-0.0955676172782979,-0.0285154078405022,-0.0395542863730957,0.0282598451341924,0.0399878967987275,0.0129265192011485,0.121775616285751,0.0514908119188379,-0.166446361724998,0.174980990628728,-0.0472347828484946,0.0629738121326145,-0.0147478455412624,0.0349582831813644,-0.056160413843345,-0.0768111138802078,-0.077342401334512,0.145585637289596,0.00919494368489303,-0.207933250213633,0.0927100609903127,0.112921617185687,0.00083552538792626,0.00597135806615732,0.050658702073465,0.0580336859217433,-0.133993969505903,-0.0304608724533319,0.174097229174585,-0.00344892922235875,-0.0693012708756823,0.068258514348389,-0.148206279859839,0.0693294531369858,-0.00634229261313763,-0.167499726044575
"22",-0.130138093697646,0.16473876088731,0.00387545652067186,-0.104468906663326,-0.131191366222862,-0.0306796811413916,0.175570266061542,-0.0511123770354411,-0.179210991432231,0.102405207403462,0.0497392212416461,0.0255887035348399,0.0621617853522587,-0.158715363758143,-0.0300255536291939,0.0935519543457283,-0.220725279469751,-0.248373675511875,0.0100857597731559,-0.121021507540961,-0.0670937515161648,1,0.0946504036662873,0.0318793489728502,-0.221016994203012,0.115477686702367,-0.125769264596431,-0.10399588103257,0.0601087923178566,-0.0791791773763042,0.114188982751522,-0.17523346048588,-0.0837551414817607,0.0544986539123147,-0.119564456255832,0.0991476820516435,0.0091023310002579,0.0237705958648378,0.0170109245409777,0.0884884294639248,0.0387846305511161,-0.00180307986223946,0.0408558043230766,-0.00609715932788317,0.222101381672921,0.076258999596807,0.00110688339377999,0.0570296701110267,-0.108939983983474,-0.00613513344663449,0.0116166124915702,0.207419910103568,0.0793496183008398,0.115764548381127,0.0204051196631533,0.0203864214387619,-0.0628673430798896,-0.0142908507162407
"23",0.00584334681994791,-0.0161021765869986,-0.0142342525668761,0.0388252100052247,-0.0160671625635175,0.0909115622750244,0.0591572307630185,0.0833359511026564,0.0382727187135625,0.107237191037028,0.0763262638557481,-0.0236612502008928,0.185232192247835,-0.0223774617975767,-0.202147671469378,0.110751326275347,-0.0779484850220865,-0.0663426809898047,0.118633753861472,-0.0121945807534737,-0.0955676172782979,0.0946504036662873,1,0.224815848547275,-0.051603850286743,0.218675152446125,-0.0600351154725293,0.0410804812470736,0.0578808581168272,-0.0323705950472467,0.0781614188808175,-0.182225462832586,0.0561825468875835,-0.0679056797300599,0.0367794370592816,-0.0526785518664209,0.0993195555277401,0.0484427592491727,-0.0278218920067596,0.0440196896060381,-0.0997005056102419,-0.0998609536079014,0.0963584919068938,0.00109805663525363,0.124749964064924,0.0137432988610653,-0.0965921609700759,-0.156936038623026,0.120660551105486,0.105797873291047,-0.0206969237177285,0.0375927462190168,0.177031353975793,0.00864971751003867,0.281878758534496,-0.108397532514792,0.131392562177588,0.0268939902908452
"24",0.302489251797552,0.00978736127076889,-0.171297402420082,-0.0881979738273176,0.164803442688335,-0.0798894528547033,-0.115394358370416,-0.0789216298329907,0.0637281162154732,-0.0480221074508179,0.027558334923675,-0.0169119521711921,0.034135429061071,0.126898069876376,-0.0186008193255058,0.0336805444384926,-0.104941764530891,-0.0689764820307751,0.157126846009461,-0.0825231833455287,-0.0285154078405022,0.0318793489728502,0.224815848547275,1,0.02621024611734,0.116224316670741,0.0853209167228266,0.106066501576515,-0.0630750592610362,-0.0933627608617288,-0.0499811108257537,-0.00356349451187331,-0.224310661797837,0.0285480217955636,-0.09632111093246,-0.0528499183611176,0.0554979052487023,0.0503687803837962,-0.00665760563490486,-0.0452577854424801,-0.0788084951177543,-0.0384977355161161,0.0800917604432581,-0.0222641976289465,0.127530884572752,0.0713431473107631,-0.0632940314724025,-0.0870015868372495,0.0304680251536748,-0.0130232435875682,0.189436992447763,0.303170050124521,0.0879871629757932,0.170880308438313,-0.0612509103496046,0.0472935330144044,0.235039084243242,-0.0996446407254799
"25",0.0861513425570674,-0.0139024630487431,0.215177150868765,0.0516209779529199,0.013202360301567,-0.0255592236841484,-0.087682573488826,-0.132024939732976,-0.039236013923629,-0.216788138057122,0.157319881153241,0.0822305403768439,-0.128335986739455,0.0263972046987446,-0.0332700838196961,0.178148292419846,-0.0276506162787761,-0.082964618800008,-0.0615580458904889,-0.0540589031843038,-0.0395542863730957,-0.221016994203012,-0.051603850286743,0.02621024611734,1,-0.101479911722336,0.0446040399211346,0.0566321681919161,-0.050445259475718,0.126698281420583,-0.285852508118388,-0.0723033790641642,-0.0571069329353332,-0.206543032590474,-0.05570159291474,0.0173946014984604,0.0452683210891171,-0.0128255470835347,-0.233992156036286,-0.0684034858609426,-0.134711541765039,-0.00632348552670692,0.0392568660825418,0.0133747692290547,0.00477820299863922,-0.0961640213076711,0.042219184463509,-0.00642512978364102,-0.0228496288202067,-0.0620882661610294,0.059041308836127,0.114668692752755,-0.0243305497670813,-0.0374243316447317,-0.0700137684632519,-0.175270059401445,0.145618628713398,-0.0295830594964743
"26",0.0564374978948541,0.00993062854161055,-0.0152360583511631,0.215146549247777,-0.012398491703438,-0.0970832277997493,0.109492500339685,0.188081761965724,-0.0489672929799021,0.035846083331458,0.138558994287984,0.0640331730086278,-0.16404452065306,0.0435833057376878,-0.0241935790791952,0.00989570819760318,-0.113482386150322,0.0577066995860031,-0.0760017881863853,-0.147850353352622,0.0282598451341924,0.115477686702367,0.218675152446125,0.116224316670741,-0.101479911722336,1,-0.164662415618446,-0.0218177994468999,0.0487056037574178,0.0440091413069075,0.00970534039634773,-0.139354210636287,-0.0057197302800717,0.0619363967553053,0.0373930271795079,0.056287560685386,0.199147690442415,0.129824022894756,-0.150318621637676,-0.0070332555439676,-0.106237771615006,-0.0412278902145003,0.0235709481835426,-0.147911180618274,0.229262384533306,0.139268927185449,0.0925463560095372,0.0428734882713998,-0.127736197379058,0.0620319317040686,-0.0819483401746167,0.0361248493142047,0.230482037524736,0.153765389254165,0.0202025234816973,-0.0775125783713903,0.175735166335118,0.0222745981049063
"27",0.194594994542433,-0.0583298842319619,-0.108451501004574,-0.0252602314505006,-0.129770728932789,-0.0268869824054451,-0.151347152590815,-0.10847820677976,-0.0478078844661872,-0.0626851027499564,-0.00325529527718137,0.0160632776306021,-0.187759994791466,0.119073349878425,0.0222323328581495,0.0443190370151579,-0.0732926411913433,0.0508700563733946,0.157405822835464,0.0856983683706108,0.0399878967987275,-0.125769264596431,-0.0600351154725293,0.0853209167228267,0.0446040399211346,-0.164662415618446,1,0.025629201252471,-0.0398367078314079,-0.0033162027914834,-0.13859226454815,-0.0453141724718582,0.00509422433077504,0.0211574256595748,0.104661125151988,-0.0216727988941735,-0.175101801137266,-0.0635572961524229,-0.109291115381919,0.116285913414815,0.202878257867008,0.106575664455911,0.0446123830932664,0.139149849147693,-0.0655068096013338,0.107503660994886,-0.0584820029709354,-0.148323134761043,0.144636792813516,0.0891703398995914,0.0862488817681197,0.155552866267367,-0.0524751600950449,0.0273908175904743,0.167088617290264,0.209231825692174,-0.0840159647589007,-0.046366781285233
"28",0.12315301791457,-0.166246385302457,-0.0859727508263679,-0.156427658264279,-0.0276793928843901,-0.0241877936823813,0.114243045869615,0.207471820610241,0.0362304841408062,-0.101293673393033,0.00913499856256934,-0.181787739977303,-0.139087266633772,-0.0785208474119371,-0.219485367785611,0.0187295708332436,-0.0268797874594279,0.107568153934487,0.112710356943787,0.118206971681415,0.0129265192011485,-0.10399588103257,0.0410804812470736,0.106066501576515,0.0566321681919161,-0.0218177994468999,0.025629201252471,1,-0.285995099665639,0.0809171704596121,0.014377121322753,0.0855435108481669,0.0612536841238945,-0.142166233400245,0.0808989583504769,0.00672871219947442,0.0158518101908359,0.101615348874352,0.0277684147560675,-0.0182889488043111,-0.0704762665782613,0.0287594939931406,-0.0881494302264129,-0.0503471326454422,0.0322320279262645,0.184413238466316,0.0127376748941852,0.0123992979680091,0.0101605747104957,-0.176742888894237,-0.113842684101396,-0.0542849612752107,0.0704556307785297,0.0464334062376596,0.0174722633365697,0.0981125274831966,0.0776752257153372,0.0636842625683953
"29",-0.113106994470961,-0.0438658308839098,0.176840121162698,0.0610608830488751,-0.0901660749766555,-0.024117090458341,-0.0120439183263426,-0.0841894771337693,-0.00665187171365829,-0.00560985252058987,0.119112314624988,0.0820310262456436,-0.0836262361663304,-0.0437086286052947,-0.103555271725758,-0.0898624038041763,-0.0507754219312794,-0.102635962718478,-0.236173116970783,-0.162890185946787,0.121775616285751,0.0601087923178566,0.0578808581168272,-0.0630750592610362,-0.050445259475718,0.0487056037574178,-0.0398367078314079,-0.285995099665639,1,-0.0177509951906344,-0.222515137769916,-0.23715508598121,-0.0885039926167224,-0.133269394397207,-0.0928106341834548,0.0312403905513151,0.0246413990333504,-0.0884483998695459,-0.0539756450546968,0.0861525365977584,0.0780551174002317,0.0162391637876173,0.093810239808204,0.160816379799135,0.058933975280548,0.0650321468944653,-0.146305052101584,0.0276467381147132,-0.0906615292075664,0.0558945306942807,0.141170527964451,-0.0514489862101919,0.00732230459078382,-0.0659343591186579,-0.00551657603260068,0.0137156736435914,-0.075402246058204,0.0814862752075437
"30",0.0129940824052434,-0.232144487460983,0.0550836975236135,0.091167227554018,-0.0957255022421828,0.112383642202363,-0.0158891840060412,0.0335598078200829,-0.0753964688391525,0.0346780550743707,0.0166643774119437,-0.0352045805988846,-0.18678658016896,-0.0532401786665754,-0.0262775953907077,0.0149195457220545,0.0875690240627901,0.197803833741577,-0.117630257791863,-0.139229520273965,0.0514908119188379,-0.0791791773763042,-0.0323705950472467,-0.0933627608617288,0.126698281420583,0.0440091413069075,-0.0033162027914834,0.0809171704596121,-0.0177509951906344,1,-0.099835174179706,-0.0708825581467302,0.0552503414243773,0.00611189648215399,0.219364719947152,-0.0807207493494178,0.239453731767048,0.193675654009392,0.017464991250486,0.186100375937987,0.161620676118047,-0.0236821607485008,-0.147371412713215,-0.102311241441519,-0.0236958261583516,-0.0896294018188289,-0.0955598124541549,0.00920899980344113,-0.0320915353663842,-0.0747331079767233,-0.177664308222587,-0.12771877723798,0.0443821967807997,0.0286894034192061,0.0992242109159056,-0.0134903245280623,-0.0891540906706322,0.0881646225704771
"31",-0.0163593268761538,-0.0620713189405713,-0.138327112355699,0.025282906617373,-0.084373478152869,-0.100338912283176,0.0244953757469912,0.171454360062027,-0.078284394102255,0.079976817104264,-0.149369428101326,-0.0858745950289929,0.150017961784284,-0.113546875346266,0.149643596231669,-0.0352544988206297,0.00983616823936027,-0.0408344876530592,0.473293544390408,0.112299062979397,-0.166446361724998,0.114188982751522,0.0781614188808175,-0.0499811108257537,-0.285852508118388,0.00970534039634773,-0.13859226454815,0.014377121322753,-0.222515137769916,-0.099835174179706,1,0.238077739414243,0.119221734520817,-0.0815094329539817,0.0177370514841933,0.116552839488512,-0.234636188099365,0.0755253885831206,0.0753095013680031,-0.0927813506709363,-0.0636719604681553,-0.00658091570644186,-0.189068469730432,-0.011161451247813,-0.0414824683024754,0.0182167208881799,0.157711857927294,0.242772326255233,0.0216076473179854,-0.111154882371022,-0.24564660229649,-0.1194621559264,-0.0658407406290765,-0.122020946242072,0.0664067873701648,-0.131909118950046,0.00197786640431475,-0.121970539141857
"32",0.0214735499203263,-0.153079972472579,-0.00809199196918311,0.0529173709967435,0.168715855310301,-0.0152604568035569,0.0149743116351441,0.115762313703511,-0.077306409258194,-0.184679695666334,-0.0770944048521322,-0.0185146072175414,-0.0897780182038188,0.0293509795172701,0.0740007054899848,0.0643062591849661,0.181784534088045,0.340603691158769,0.165178716960502,0.35521955137091,0.174980990628728,-0.17523346048588,-0.182225462832586,-0.00356349451187331,-0.0723033790641642,-0.139354210636287,-0.0453141724718582,0.0855435108481669,-0.23715508598121,-0.0708825581467302,0.238077739414243,1,-0.0372236955771227,-0.00561987098008278,0.0464540337015815,0.156546401244097,-0.225480537972061,0.0216742652461454,0.0006704814467483,-0.122323445785345,-0.0554710924871932,-0.12095702830654,-0.134675846357358,-0.159403943280795,-0.126355701577667,0.00574465291762731,0.189183401942396,0.187923369631151,-0.0433564616876939,-0.0604125866833855,-0.0193109091982895,-0.00175975622368041,-0.0724983687769131,0.134116955534495,-0.0982557630514925,-0.00958475896922868,-0.0405348801191412,-0.182041868228169
"33",-0.210782290992894,0.0759556129447899,-0.017645145957115,0.0737764611929946,-0.0130257577199176,0.0259693671881037,0.0913142243301388,0.136838384832235,-0.0727322237975174,0.00397307224884834,-0.0999008721318532,0.0165831249554873,0.0528885388540405,0.00081749983399484,-0.144033703735403,-0.0831592333016274,0.0738011560679722,0.0308994068674251,0.122902888265341,0.0522473546383575,-0.0472347828484946,-0.0837551414817607,0.0561825468875835,-0.224310661797837,-0.0571069329353331,-0.0057197302800717,0.00509422433077504,0.0612536841238945,-0.0885039926167224,0.0552503414243773,0.119221734520817,-0.0372236955771227,1,0.0176814263764274,0.262390937841119,-0.106084758606565,-0.218917432681092,-0.0307781371153168,0.0458288565818155,0.0815558588665444,0.0237841898673029,-0.045074117658007,-0.101914101666707,-0.123356117765153,-0.132860677038639,0.0276287922601553,-0.0156692585142933,-0.153489628200183,0.152857103442932,0.0757184033925389,-0.13911258063273,-0.193919543958329,-0.0286987445994539,-0.0907009314770034,-0.0157267454919512,-0.052904761288593,-0.105744615680282,0.105405793647082
"34",0.278791905492901,0.0646060568043659,-0.0509234886727666,0.0084253489797612,0.160512207399543,0.185397376536465,-0.166462587135056,-0.0120710198859948,-0.00453490678078044,0.00517039269089777,-0.0160964459785707,0.0766876695401674,0.00867060729147769,0.0571853539488315,0.0645518249300119,0.0312457871984293,0.0423851803538178,0.0650145286002085,0.0126044386331856,-0.216116803434178,0.0629738121326145,0.0544986539123147,-0.0679056797300599,0.0285480217955636,-0.206543032590474,0.0619363967553053,0.0211574256595748,-0.142166233400245,-0.133269394397207,0.00611189648215399,-0.0815094329539818,-0.00561987098008278,0.0176814263764274,1,0.0434831267964041,-0.0231175254159315,-0.0201327476743909,0.0830564686064802,0.14999927459487,0.222509150394337,-0.0254969157794495,-0.0765058560340944,0.0950133256318835,0.0699570769302802,-0.101306858479908,0.0211464844306955,0.155468319712668,-0.0841843046998653,-0.0686837278085665,-0.0547409233665801,0.103701709545671,-0.0792947341886796,-0.0847355376498871,0.0393966944363403,-0.0907388668121235,0.0247443337193643,0.00955157227275893,-0.0310935225068922
"35",-0.116638868885761,-0.0199194624470191,-0.0278568792702031,0.00240151207315213,-0.0623273228435148,0.0567756358621016,0.276170835822556,0.134560955507213,0.039627427270807,-0.0307394055902524,-0.184844656510421,0.071750844018228,-0.018055839270977,0.110741185249514,-0.216372400065308,0.0779645019246805,0.00250144688605302,0.189204910805292,0.0532543205464572,0.024948343203528,-0.0147478455412624,-0.119564456255832,0.0367794370592816,-0.09632111093246,-0.05570159291474,0.0373930271795079,0.104661125151988,0.0808989583504769,-0.0928106341834548,0.219364719947152,0.0177370514841933,0.0464540337015815,0.262390937841119,0.0434831267964041,1,0.1478326736667,0.0250581316525146,0.0770708795923067,0.0223389063077339,0.0667140122520268,0.176666333201876,-0.0532762097505999,0.192102350253814,-0.200953663783487,-0.175955421197655,0.1707870778651,0.0579557025867427,-0.0936983761961692,0.189084740240067,0.00530300912044659,-0.161886815817926,-0.00771242990601763,0.0909371422101109,-0.0539162573679476,-0.0467702407697834,0.0307598624383844,0.0915445872329603,-0.0541467758883555
