"","l_Insular.Cortex","r_Insular.Cortex","l_Amygdal.Area","r_Amygdal.Area","l_Bed.Nucleus.of.the.Stria.Terminalis","r_Bed.Nucleus.of.the.Stria.Terminalis","l_Hippocampus","r_Hippocampus","l_Orbitofrontal.cortex","r_Orbitofrontal.cortex","l_Entorhinal.Cortex","r_Entorhinal.Cortex","l_Frontal.Association.Cortex","r_Frontal.Association.Cortex","l_Globus.Pallidus","r_Globus.Pallidus","l_Glomerular.Layer.of.the.Accessory.Olfactory.Bulb","r_Glomerular.Layer.of.the.Accessory.Olfactory.Bulb","l_Glomerular.Layer.of.the.Olfactory.Bulb","r_Glomerular.Layer.of.the.Olfactory.Bulb","l_Granule.Cell.Level.of.the.Cerebellum","r_Granule.Cell.Level.of.the.Cerebellum","l_Hypothalamic.Region","r_Hypothalamic.Region","l_Entorhinal.Cortex","r_Entorhinal.Cortex","l_Vermix.Molecular.Layer.of.the.Cerebellum","r_Vermix.Molecular.Layer.of.the.Cerebellum","l_Lateral.Molecular.Layer.of.the.Cerebellum","r_Lateral.Molecular.Layer.of.the.Cerebellum","l_Anterior.Olfactory.Bulb","r_Anterior.Olfactory.Bulb","l_Posterior.Olfactory.Bulb","r_Posterior.Olfactory.Bulb","l_Subiculum","r_Subiculum","l_Perirhinal.Area","r_Perirhinal.Area","l_PreLimbic.System","r_PreLimbic.System","l_Primary.Cingular.Cortex","r_Primary.Cingular.Cortex","l_Primary.Motor.Cortex","r_Primary.Motor.Cortex","l_Retrosplenial.Cortex","r_Retrosplenial.Cortex","l_Secondary.Cingular.Cortex","r_Secondary.Cingular.Cortex","l_Secondary.Motor.Cortex","r_Secondary.Motor.Cortex","l_Striatum","r_Striatum","l_Ventral.Tegmental.Area","r_Ventral.Tegmental.Area","l_Substantia.Nigra","r_Substantia.Nigra","l_Thalamus","r_Thalamus"
"1",1,-0.0268923306081687,-0.147972475700172,-0.194692948333008,-0.0238231947842844,-0.086492229302443,0.00949773447336894,-0.00537536381944336,0.142816612220433,-0.0266504193880681,0.174050831602837,0.119668317334016,0.184881842293595,-0.0178439990875413,-0.0522891512053103,-0.0147739349181101,0.204054354927836,-0.0984441758122748,-0.0433594748256398,-0.0172093995858444,-0.0116106817681372,0.0106794374642353,-0.0564393962093392,-0.0516292510389987,-0.0321722393167839,0.00437399654915739,-0.207281767424266,0.0290528755865962,-0.0904860016352342,-0.0426044255934935,0.0687489400170152,-0.0209772688523639,0.0766910570690534,0.0858340588342658,-0.078066429395923,0.0378804838910297,0.0134299676762149,0.242260392662695,0.149616491703519,0.0928534922357348,-0.0295215697007496,-0.102357576054116,-0.269603495504475,-0.193243428765195,-0.050149650460471,0.232181865527257,0.0735389101886087,-0.0818584148884836,0.120301481356511,-0.0701177755446542,-0.0654062352279243,0.0136605811719058,0.0043395717892285,0.0547286412811893,0.149116478637419,-0.129523494996422,-0.07833884355003,-0.150677517476605
"2",-0.0268923306081687,1,-0.0779185123425444,0.116861068941638,0.0708461064808528,-0.0308282885220379,0.0359940038603476,0.107112045897067,0.175911920912795,0.224435046909361,0.0493619618157778,0.14783862660506,0.0125047200737036,0.183973798404195,-0.0477173865891299,-0.0264127093911023,0.0943548015651003,0.00097686156746441,-0.0757875417798628,0.0187727387864716,-0.018176910730247,0.105855469865824,-0.0107088951046019,-0.126173923152424,0.0306090089788726,-0.098046985997616,0.0618178613749743,-0.0719444032695785,0.307084050807071,0.0236892321981911,-0.0958181812366666,-0.121011002827095,-0.12639965679019,-0.0386600821864051,-0.0640896891100741,0.119384850880368,0.0371491183500437,-0.0375552536811223,-0.254864465711237,-0.240725176114079,-0.202469478189812,-0.084638545132335,0.120437184678988,-0.0638234650042357,-0.133489250221529,-0.0210988660668575,-0.251502951507524,-0.100212291675894,-0.0851890188635722,0.0211058625164422,0.0083591891158132,0.0313284821796768,-0.107419462352622,-0.0486817019332448,-0.0830200623695284,-0.027213215844493,-0.0192585282282038,0.148197646455156
"3",-0.147972475700172,-0.0779185123425444,1,0.0460553053173852,-0.0508305083991915,-0.00876467337628447,0.106528910089989,0.0517365854804155,-0.198256991514919,0.0307123793910749,0.174758227591964,0.0326078002201691,0.0582360137812343,-0.0948599974367342,-0.125838745482106,-0.135419373685417,-0.0129505000690201,-0.169728825550085,-0.109399004382395,-0.168307739230488,-0.116540812150737,-0.103238530416482,0.125176168236812,-0.0867517043464698,0.171461431209357,0.0988655389343255,-0.0520919885635052,-0.023399206279486,0.152933495421592,0.0169181373592945,0.146787556152994,0.0720035622117459,0.148948365633676,-0.025937340239045,0.00202690259554283,-0.0752020132687483,0.0650069984339601,-0.0142814871708543,-0.0500309507224075,-0.208132136092294,-0.0455735490297337,0.0299559558624329,0.103534639390377,-0.0405342271363792,-0.197125190915633,-0.27146563523304,-0.0580569338999239,0.0731006888635159,0.0433917563938723,-0.0729534704982789,-0.0782060693337925,-0.126410774463714,0.181696320628152,-0.149180313659182,-0.0158005017367284,-0.00622940552767256,0.100877362974373,0.16706729701226
"4",-0.194692948333008,0.116861068941638,0.0460553053173852,1,0.0704431510030429,0.0227035505755289,0.0097908539022936,0.0664697513344116,-0.0297550646727905,0.00059391648237935,0.132141247047164,0.265253314623559,-0.0539743614571447,0.0627929248288949,0.0588989170260999,0.114845523296022,0.0307569997471685,0.140392942312897,0.103768754426059,-0.00663945311190442,0.0518454741537557,-0.0794480657031608,0.0758715896597491,0.0743185401516959,0.0427979550386481,0.229428540239931,0.0557757473309428,0.0539477859976095,0.247364526801513,-0.224120574026145,0.0455443859858232,-0.0162740370096498,0.0579825705110308,0.119587306439783,-0.0811632903304617,0.204706437551294,-0.0305788272042494,0.0869380648421252,-0.30455898741379,-0.0820754217554345,-0.0945749608074979,0.0625947483673024,0.0969632409299971,-0.0763356469690063,-0.114624926715766,-0.266309389686475,-0.0586826604035599,-0.0837936559561931,0.043077308331023,0.108413466576785,0.0100173551882119,0.163307747255085,-0.0508044416158996,0.116841764463359,-0.0487437981582934,0.0170054696124875,-0.11048835483754,0.0274858012388439
"5",-0.0238231947842844,0.0708461064808528,-0.0508305083991915,0.0704431510030429,1,-0.0396493820432547,-0.22782310766754,-0.201651779827223,-0.0384454502748112,0.156068510487819,-0.0787450399760247,-0.0203117922309311,-0.0819443698711605,-0.00995139209747224,-0.137081986473551,0.0408176466844683,0.054026367955071,-0.0617652730306299,-0.0146195708028877,-0.0918677150485501,-0.159778370052252,-0.198035981276206,0.0697881678577712,0.104165216287849,-0.00546956443568452,-0.107099085165558,0.0179065154655473,0.0581185383318299,0.0581806689427604,0.0347128005188806,0.0343378547561134,-0.00185044250259961,0.128828657859016,0.188903378734458,-0.100761469769506,0.274356296625687,-0.0308586074070161,0.0414190553158748,-0.109939230262325,0.11300563064411,-0.0292377155683145,-0.0973234680126104,-0.130169624830367,0.070736585428715,-0.0297002545397391,-0.0239746213098217,0.0669893229513868,0.0488799625567685,0.0382207756748597,-0.0357822708885712,0.170242814806848,0.0972094564212138,0.123287717939574,-0.0024211005516589,-0.177649982686388,0.0116914663426831,0.0122784834122042,-0.0583788747014497
"6",-0.086492229302443,-0.0308282885220379,-0.00876467337628447,0.0227035505755289,-0.0396493820432547,1,-0.0183256713174598,0.0833204041106713,-0.0140031552100589,0.124794171332736,0.0110580275859744,-0.0129450698027901,0.0188657109922171,0.0378686720726241,-0.163581212671514,-0.0565452731912475,0.00765760106663013,0.132048498176645,0.0493216231556228,0.136732770366122,-0.0786391963636484,0.220727112141039,-0.0514791243071382,0.0189446771981573,-0.0728801817037705,0.0675934859780249,-0.125352932753709,0.0195628404863443,0.0137181512467462,0.0509431836929914,0.0329038763082674,0.191353986468367,0.00588156684042745,-0.355556436883767,-0.0129206990913218,0.0211583515110719,0.253678829308048,-0.129989582966762,-0.14509024021309,-0.214871691628921,-0.119045375506823,-0.0265489691874137,-0.0445896575061816,-0.0995442891897388,0.00603988423913934,-0.0856731853781264,-0.0264579405685389,-0.0089578302464524,-0.0304975686286981,-0.0217705200792083,-0.0479125134388226,0.0514299255800645,-0.0849420750673524,-0.0053094666839371,0.00339641151762894,-0.0880898796809591,0.0363977423676527,0.00880769805826532
"7",0.00949773447336894,0.0359940038603476,0.106528910089989,0.0097908539022936,-0.22782310766754,-0.0183256713174598,1,0.258929576510593,0.0500699392459842,-0.145798756533784,0.0819384165451952,-0.0504461549164787,0.238636573919958,0.0935116621842128,-0.0390115934722204,-0.138820366042074,-0.153626920505704,-0.154526528245809,-0.14947191480852,-0.145562080903862,-0.171419456025832,-0.0470725218516569,0.0890750188722549,0.0259967431999579,-0.0603512858941408,0.0515748832736347,-0.00505174523775601,-0.23881242415088,0.10983746107288,-0.258050137499386,-0.120791980966773,-0.162004495367466,-0.00703781048268378,-0.153214483999814,0.0860791914439382,0.0960738504875034,0.152530758395182,-0.0454783952469894,0.0277222870940589,-0.136516578928839,-0.0694461541212346,0.205843830815421,0.0242267310573094,0.0204146148311015,0.0370241581835953,-0.251573172862589,0.0235319110134735,-0.086393083810105,0.105532328157431,0.0351794354020179,-0.180832943036298,0.0509539762492346,0.122381383802546,-0.0104462728546776,0.117504808009076,-0.11868786183186,-0.12083917959724,-0.0233378910984923
"8",-0.00537536381944336,0.107112045897067,0.0517365854804155,0.0664697513344116,-0.201651779827223,0.0833204041106713,0.258929576510593,1,-0.152314476827582,0.0492788695392414,-0.143860450523887,0.0143613873978141,0.027675651773832,0.127199367574936,-0.0214923463480823,-0.060947409405369,-0.15045536723341,0.045939356946428,0.0423356104724561,-0.10920794570682,0.135539879623796,0.134142457762043,0.0375701708772506,-0.0394524033480874,0.238373367886614,0.0977990173822843,-0.101452523158993,-0.173504602791137,0.0850344421333901,-0.0592472329200008,-0.0616517903293464,-0.073452596000896,-0.218135197218909,-0.125025640276729,-0.0757441907263641,0.0405728321998499,-0.00116873968100055,-0.00800888090837941,-0.0836842616809595,-0.1615638136513,0.0273476112310364,-0.0874702100022419,0.0486939629909135,0.120035698082425,-0.0391238220611814,0.0272103981198516,-0.0844567748904543,-0.0927552892031687,-0.0491008444638762,0.186202349409352,-0.179782696293151,-0.0956939264442368,-0.0241758900292208,0.0282675107903704,0.0259681986657866,-0.0155244088966277,-0.255466841224203,0.327157496669814
"9",0.142816612220433,0.175911920912795,-0.198256991514919,-0.0297550646727905,-0.0384454502748112,-0.0140031552100589,0.0500699392459842,-0.152314476827582,1,0.0178184250309757,-0.050810945405154,-0.0492385473497276,0.119722962017502,0.0208103775885159,-0.101698175906158,-0.0760928788661867,0.17315610910872,-0.0872414801007192,-0.146760835421743,-0.172525851912886,0.0319991005142872,-0.0021495820762873,-0.101914214113568,-0.00915881438181692,0.163315181230979,-0.0371006056531479,0.0395995014602616,-0.0600851223794716,0.0395789128139267,0.0938219290701846,-0.176685878815451,-0.240129575394115,-0.205155785653435,-0.0333487053848861,-0.242745476709918,-0.105497366816228,0.0611735312782524,0.0912174317611459,-0.0910765911846412,0.0597494188244772,-0.216207511097795,-0.279516353090794,-0.0900844673408645,-0.10221419822243,-0.137872062353809,0.17554423781239,-0.161305151866966,-0.0626425922934308,-0.115752125060732,-0.0747934911790966,0.00872522222610308,0.0533273222206397,0.0414000596161614,0.188293134508103,-0.0313715866016914,-0.0172380230729395,-0.00792289787786505,0.0116846470103349
"10",-0.0266504193880681,0.224435046909361,0.0307123793910749,0.00059391648237935,0.156068510487819,0.124794171332736,-0.145798756533784,0.0492788695392414,0.0178184250309757,1,-0.0892088892513355,0.0686899992568004,-0.0572711855733663,0.0641785866366669,0.076785779685801,0.251142973801149,-0.0595063305044859,0.0325174810202439,-0.071946442906005,0.101690462772032,0.0215916859353023,-0.0140140404256908,0.0214902519187647,-0.0767704898876489,-0.206379053325743,0.00608897963537374,0.0655260363170181,-0.016087799862895,0.0807731872721467,0.00755409300618229,-0.108376447978263,-0.106596874310252,-0.0384763514137807,0.0762108701360818,0.010112967979772,0.158839460028555,0.0256253685817009,-0.157729925867571,-0.225484110797339,-0.111141766467456,-0.162488210440691,-0.0875635816370505,-0.0101790507855772,0.104375474562465,-0.163506845443731,-0.0949596356791068,-0.21194629142147,-0.0811503424296348,-0.0699727033998926,-0.0026760507649941,0.0618500098839741,-0.048174336925205,-0.118391636695229,-0.0734968713336072,0.0965031436312621,-0.0739120192935371,-0.0329540519549984,0.115440881124038
"11",0.174050831602837,0.0493619618157778,0.174758227591964,0.132141247047164,-0.0787450399760247,0.0110580275859744,0.0819384165451952,-0.143860450523887,-0.050810945405154,-0.0892088892513355,1,0.130370593431108,-0.100063866379132,-0.0357913457830821,0.0691983463921709,-0.0552171573630326,0.0673120094877557,-0.076410444380387,0.100792828697635,-0.0303936917218462,-0.0601515634641749,-0.212748137381159,0.0433142978637264,-0.023719429461922,-0.17737792965408,0.0386895581705436,-0.140582493937777,0.0775117139764201,0.127132974423115,-0.0572822416782612,0.209182127159111,0.0927195880922504,0.173007923699818,-0.00201441281756713,-0.0569157701482117,-0.119557072344922,-0.0933295264408762,0.0390943969345416,-0.107633685281006,-0.12367239010351,-0.0293596385647621,-0.0613089641065508,-0.224152009766272,-0.212982506103599,0.0533816516774292,-0.00883333709972356,0.129731638099454,-0.093101405221489,-0.0333548666577445,-0.262351495553207,0.0266050385100791,0.0907361570096692,0.0073060476456479,0.0194821869664017,0.0719681600831367,-0.205621077296826,0.0468313551331045,-0.155470649036703
"12",0.119668317334016,0.14783862660506,0.0326078002201691,0.265253314623559,-0.0203117922309311,-0.0129450698027901,-0.0504461549164787,0.0143613873978141,-0.0492385473497276,0.0686899992568004,0.130370593431108,1,-0.0732596177205267,0.064635959112623,0.0335771550465095,-0.0162204329154172,0.0945892579579502,0.0546060407723535,-0.0947121267240454,0.0216963794189295,-0.101380971714388,0.0260153606020644,0.358832429006774,0.120189261273051,-0.00677215781151022,0.018832626391684,-0.120112618008064,0.122749107852626,0.101227873778421,-0.10511581810151,0.0704155398700369,-0.0922662865861525,0.0693886832458504,0.158405695746759,0.0949844476357506,0.16558793912959,-0.0581554859457811,0.157718364694322,-0.187499106499742,0.0373626574776013,-0.116237806199642,-0.127139803638924,-0.056871909561737,-0.0727290155106549,-0.181922490434559,-0.101518952334397,-0.139596779392013,-0.106366464242797,-0.176531733120086,0.145435761670073,-0.144373947632029,0.237568906405727,-0.101957325878668,-0.175035757925555,-0.155475776166727,0.159587940636168,-0.0805327085002584,-0.175303086519823
"13",0.184881842293595,0.0125047200737036,0.0582360137812343,-0.0539743614571447,-0.0819443698711605,0.0188657109922171,0.238636573919958,0.027675651773832,0.119722962017502,-0.0572711855733663,-0.100063866379132,-0.0732596177205267,1,-0.0995259535518652,-0.118973558124405,-0.0554488562483506,0.155434547124385,-0.103036665373567,0.0579258669535715,-0.061379012943693,-0.132688587507879,0.116389006310175,-0.014665143888516,-0.00761222589691238,0.0157552958015412,0.00012918154561683,-0.00828807406747794,-0.178834549821024,0.108898932286826,-0.0704678283016966,0.00609440108047515,-0.0730203312077152,0.111565840874496,-0.155462178088864,-0.0702633918762504,-0.0197270330095209,-0.123156607228291,0.0520273678389288,0.0851196358642238,-0.0970982890599982,0.106130925360447,0.0462775102955398,-0.111629009505535,-0.160345995487662,1.81252851549527e-05,-0.0370104319104928,0.0011714802399432,-0.0498141736086331,0.470273832033147,0.061649357031988,-0.0848342856040051,-0.104299187154748,0.187259580589656,0.0173969579581298,0.0761774913238527,-0.0228478850152388,-0.108390490087952,0.108631083294717
"14",-0.0178439990875413,0.183973798404195,-0.0948599974367342,0.0627929248288949,-0.00995139209747224,0.0378686720726241,0.0935116621842128,0.127199367574936,0.0208103775885159,0.0641785866366669,-0.0357913457830821,0.064635959112623,-0.0995259535518652,1,-0.107417438026561,-0.0910478257477293,-0.280076036666636,0.182746128770696,0.0394748252033542,-0.114781788663554,0.101644078247413,0.139529243181669,-0.0892582219185446,0.0464363779273444,-0.120086038313512,0.0481603402674378,-0.0175789490114205,0.0474357815925889,-0.126784611685061,0.118854935472561,-0.107109432094688,0.104936608522487,-1.71759115794486e-05,-0.0471408742416735,0.108127976051656,0.0279219725162096,0.193436732307602,0.16014307678007,0.113430123599127,0.117051626150455,-0.169915096708955,-0.141827317938755,0.0373233128257698,-0.069952957088888,0.00943501703671511,0.078299815831269,0.0412123012028381,-0.13780669279456,-0.092302549204987,0.406884574257136,0.0569980010152916,0.00841279187720384,-0.134164285862617,0.00893516198902444,-0.262322619428378,-0.0225037867263355,-0.162833725308806,-0.0103658671609348
"15",-0.0522891512053103,-0.0477173865891299,-0.125838745482106,0.0588989170260999,-0.137081986473551,-0.163581212671514,-0.0390115934722204,-0.0214923463480823,-0.101698175906158,0.076785779685801,0.0691983463921709,0.0335771550465095,-0.118973558124405,-0.107417438026561,1,0.0457745032695977,-0.150845737828965,-0.0464446036795513,0.0214847981641359,0.104531353275957,0.212616060523322,-0.345825193351459,0.081719772384399,-0.106790950305522,-0.0413331699521565,0.190663822756961,-0.0452962927210658,0.0154746128184729,-0.167468880162168,-0.146418873402503,0.0558811993071768,-0.0858680013005069,-0.0591534768757167,0.0141125981621444,-0.00535277122860204,-0.107415651943414,-0.106682301590815,0.00221670456065595,-0.0687151879689122,0.0989107782421056,-0.075889535867405,0.0548012111882274,0.101870991512241,0.292443873272229,-0.111411830132728,-0.112282088088754,-0.125285504155767,0.0152560894615313,-0.0111930431240378,-0.0129679720530031,0.295562082607992,-0.0129812221559851,0.0650002883976341,0.0833735408215071,0.254454236282596,-0.0285174285428179,0.143158586569467,-0.00954732575391052
"16",-0.0147739349181101,-0.0264127093911023,-0.135419373685417,0.114845523296022,0.0408176466844683,-0.0565452731912475,-0.138820366042074,-0.060947409405369,-0.0760928788661867,0.251142973801149,-0.0552171573630326,-0.0162204329154172,-0.0554488562483506,-0.0910478257477293,0.0457745032695977,1,0.11733899716613,0.128595149236062,-0.0922543376073833,0.140387460697488,0.0130536820923663,-0.010419131891807,-0.182317395309937,0.122148876447639,-0.182038593369701,-0.0812205471034964,0.176370019006967,-0.0466219239455802,0.0807389200020814,0.0513741085118583,0.0641752740139241,-0.0657230641110052,-0.0674817231261875,0.0561394137576281,0.063457017515443,-0.0793091363786151,-0.0506838146880211,-0.183855887405745,-0.0237584356115672,0.0265239382400381,0.0750280967531021,0.149143563520426,0.0476496987445472,0.0689631540878918,0.0233209576418058,-0.137338095852077,-0.056579248726069,-0.045246011290358,0.0591538490013074,-0.00757030880082646,-0.00947361035810204,0.0216112161649508,-0.115359404860991,-0.00331138919051643,-0.0339174085242568,0.0682679417461185,0.0010744085774898,0.0262929166880054
"17",0.204054354927836,0.0943548015651003,-0.0129505000690201,0.0307569997471685,0.054026367955071,0.00765760106663013,-0.153626920505704,-0.15045536723341,0.17315610910872,-0.0595063305044858,0.0673120094877557,0.0945892579579502,0.155434547124385,-0.280076036666636,-0.150845737828965,0.11733899716613,1,0.0362360787111615,-0.0797750289867991,0.0228481684802575,-0.25694466671667,0.178610189350197,-0.0129817863621661,-0.0538378017103648,0.0261761236819492,-0.188040901069133,0.0965531570037012,0.0105350056002367,0.114916654250463,-0.0431444309898618,0.0480463894445712,-0.0119170056326792,0.0133144236079097,0.0579350065622906,0.0507492587421016,-0.0162574763462896,0.10996103218217,0.133103251555026,-0.00048943949028487,0.0155662502876159,0.136462843028798,-0.0318792223637886,0.00352258896130621,-0.109380929819418,-0.162398858741921,0.143764664767581,-0.17217844488922,-0.0680919841301002,0.38583432890337,-0.0951501310387073,-0.190659867051058,0.0997483830385297,0.00390643337500011,0.108474138819068,0.0008156233803253,0.0178831347048684,-0.0929375716292032,-0.0388613943716058
"18",-0.0984441758122748,0.00097686156746441,-0.169728825550085,0.140392942312897,-0.0617652730306299,0.132048498176645,-0.154526528245809,0.045939356946428,-0.0872414801007192,0.0325174810202439,-0.076410444380387,0.0546060407723535,-0.103036665373567,0.182746128770696,-0.0464446036795513,0.128595149236062,0.0362360787111615,1,0.0616547321318102,0.105246624542685,0.261138391798514,0.101995564013128,-0.10196323099519,0.0489773665208773,0.022128566547486,0.067493343687938,0.114531520703597,0.157859288913043,0.0978582454327473,0.0554726729929162,0.0243911119895217,0.24020789205968,0.0105493078302477,0.0582330051922197,0.117189153180165,-0.0355391360715442,0.149195586787979,-0.0500892885719414,-0.111593576369237,0.0844142629197971,0.12717262350613,0.113718964485425,0.0322140913690388,-0.034533695291409,0.109367190961285,0.0953241126544134,0.0705896504028429,0.0383660359956459,0.0522076962231328,0.382198555609116,-0.0369308902368689,-0.0494525552615574,-0.101958493746023,-0.100913473152467,-0.137325212214499,0.127286932617456,0.0519426841968645,0.0223087809518929
"19",-0.0433594748256398,-0.0757875417798628,-0.109399004382395,0.103768754426059,-0.0146195708028877,0.0493216231556228,-0.14947191480852,0.0423356104724561,-0.146760835421743,-0.071946442906005,0.100792828697635,-0.0947121267240454,0.0579258669535715,0.0394748252033542,0.0214847981641359,-0.0922543376073833,-0.0797750289867991,0.0616547321318102,1,0.09485592906746,0.0270727342576636,0.0675208193720523,-0.233474625850908,-0.20371872640843,-0.15043966514619,0.0568775143566276,0.00502277484672152,-0.0590653173196716,-0.0809857716371946,-0.0182682775877608,0.411940534214001,0.164123258876438,0.00702008012688495,-0.0430069245152857,-0.112789595776175,-0.162329652634363,-0.204437625335348,-0.027954657524188,0.0393575686746918,-0.0224012977878093,-0.0699646889967506,-0.0827619788274937,-0.164499518446598,-0.121635519721747,0.248187636617193,0.123831677036417,0.202450839121644,0.0298226533100353,-0.0103411293988247,0.0048691350612131,0.0840967902068312,0.0389231189468716,-0.0541965985972855,0.100697437172297,-0.187011584768275,-0.140514057432811,-0.0526402470846622,0.00657189743318928
"20",-0.0172093995858444,0.0187727387864716,-0.168307739230488,-0.00663945311190442,-0.0918677150485501,0.136732770366122,-0.145562080903862,-0.10920794570682,-0.172525851912886,0.101690462772032,-0.0303936917218462,0.0216963794189295,-0.061379012943693,-0.114781788663554,0.104531353275957,0.140387460697488,0.0228481684802575,0.105246624542685,0.09485592906746,1,-0.027049109759397,0.00924950131866923,-0.0889738149684068,-0.0272936152011612,-0.247166305664247,-0.181234445215137,-0.0986100350393623,0.128456175669471,-0.226772939691829,-0.0788610025427127,-0.0438496052467775,0.218611338862551,-0.102487412062768,-0.00591887176472874,0.161019065796341,0.0267344523817733,0.113457172165123,-0.213693100115712,-0.159325101464672,0.131317624119808,0.0690946648827857,0.195472779005019,0.0373481559025523,0.00095519833123922,0.215440202514544,0.0396299893394697,0.0499096313379856,-0.0370365123252063,0.0219464240978447,-0.0820147011729127,-0.138530366739978,-0.0335914321683636,-0.130798378356261,-0.102762054289233,-0.0522747076086545,0.0686682883956922,0.117022864841856,0.0344885255862329
"21",-0.0116106817681372,-0.018176910730247,-0.116540812150737,0.0518454741537557,-0.159778370052252,-0.0786391963636484,-0.171419456025832,0.135539879623796,0.0319991005142872,0.0215916859353023,-0.0601515634641749,-0.101380971714388,-0.132688587507879,0.101644078247413,0.212616060523322,0.0130536820923663,-0.256944666716671,0.261138391798514,0.0270727342576636,-0.027049109759397,1,-0.194385514272598,-0.136473565369801,0.0095390827426689,0.0683152665520705,0.259886903682855,0.0721681828403322,-0.065881475135892,0.0600008947686384,-0.09590496200018,-0.0346221645402957,0.0511617156787076,-0.0574190392500017,0.0326082251270244,-0.119816714558934,0.0444113102332158,-0.0236144796951535,-0.0220266615616686,-0.0664789835172849,0.12934627540548,0.0432458294741827,0.0566256993051265,0.0255034889201891,0.0132206799450511,0.0538273694868335,0.182158624392333,-0.0356953251145652,-0.131310757065483,-0.15082521322645,0.0615033316744308,0.122761057975994,-0.20196967674171,-0.20228669715812,-0.0477586365306689,0.00945186556388864,-0.0240605283786373,0.0959350317066065,-0.0945478643647629
"22",0.0106794374642353,0.105855469865824,-0.103238530416482,-0.0794480657031608,-0.198035981276206,0.220727112141039,-0.0470725218516569,0.134142457762043,-0.0021495820762873,-0.0140140404256908,-0.212748137381159,0.0260153606020644,0.116389006310175,0.139529243181669,-0.345825193351459,-0.010419131891807,0.178610189350197,0.101995564013128,0.0675208193720523,0.00924950131866923,-0.194385514272598,1,-0.162429550139978,0.166052635398996,0.0726071291781766,-0.253027755322988,-0.018449887193746,-0.118258559100265,-0.0448552327488059,0.203480317298043,-0.118358123140964,0.0506430804023634,-0.0208185839420841,-0.0254561401099692,-0.0211485813849823,-0.106002849570288,0.134521862800568,0.0933087729374293,0.229242416366485,-0.0373730293637633,0.0100351021872984,-0.0578335254146763,0.08708639544692,-0.0896652136897257,-0.0505425052822635,0.057392489753698,-0.0528386289181653,-0.0737237193485666,0.0611226047968706,0.17691185221137,-0.0703909398522062,0.21292385683201,-0.200944695942184,0.0308806259022156,-0.0682891273778333,0.0955245635828052,-0.0285344629198394,0.0402494077349445
"23",-0.0564393962093392,-0.0107088951046019,0.125176168236812,0.0758715896597491,0.0697881678577712,-0.0514791243071382,0.0890750188722549,0.0375701708772506,-0.101914214113568,0.0214902519187647,0.0433142978637264,0.358832429006774,-0.014665143888516,-0.0892582219185446,0.081719772384399,-0.182317395309937,-0.0129817863621661,-0.10196323099519,-0.233474625850908,-0.0889738149684068,-0.136473565369801,-0.162429550139978,1,0.144521321604861,0.0753554746369371,-0.0483228832890274,-0.137413933506407,0.0193997064882471,0.0739320215255186,-0.0262176472737192,0.00367335642054604,-0.0872075854798952,0.135399331285373,0.189323992609028,0.0674213556891364,0.148852484464743,-0.0271206018359514,0.252195806615087,-0.023342622645966,0.00489247141387391,-0.0821910404949443,-0.0595176809708979,0.19592579731134,0.11872384672119,-0.071413656082219,-0.283593104231051,-0.135949907518933,-0.111142001407213,-0.0634864377122448,0.0525446065787068,-0.170249772252573,-0.0108019488894271,0.269236619216826,-0.0554109290193812,0.0633604662815685,-0.075304410033279,0.0527615285243467,-0.0368246670174371
"24",-0.0516292510389987,-0.126173923152424,-0.0867517043464698,0.0743185401516959,0.104165216287849,0.0189446771981573,0.0259967431999579,-0.0394524033480874,-0.00915881438181692,-0.0767704898876489,-0.023719429461922,0.120189261273051,-0.00761222589691238,0.0464363779273444,-0.106790950305522,0.122148876447639,-0.0538378017103648,0.0489773665208773,-0.20371872640843,-0.0272936152011612,0.0095390827426689,0.166052635398996,0.144521321604861,1,-0.0202920748129092,0.00750110017167429,0.188677584146151,0.140129364889063,0.123613421361278,0.192582214633886,-0.103617021779258,-0.0263476857487789,0.155377892989524,0.186118592463685,-0.0739748144038142,0.12287114372289,-0.0558837818109269,0.0933130538038125,-0.00230576718689947,0.206661937437633,0.139766689882478,0.0606045664044929,0.0286396479053005,0.0587394845229384,0.0353322392318807,-0.0691376202061494,0.154197734383176,0.0506546560674878,0.062893929255438,0.108958394429418,-0.140298737728754,0.204972679260628,-0.0195221058926316,-0.119002743522061,-0.190207972973922,0.132203565695659,0.0768615985907209,-0.0861030672384854
"25",-0.0321722393167839,0.0306090089788726,0.171461431209357,0.0427979550386481,-0.00546956443568452,-0.0728801817037705,-0.0603512858941408,0.238373367886614,0.163315181230979,-0.206379053325742,-0.17737792965408,-0.00677215781151022,0.0157552958015412,-0.120086038313512,-0.0413331699521565,-0.182038593369701,0.0261761236819492,0.022128566547486,-0.15043966514619,-0.247166305664247,0.0683152665520705,0.0726071291781766,0.0753554746369371,-0.0202920748129092,1,0.156151914699865,0.106299506477406,-0.205847828561941,0.156997241426498,-0.0146918361391563,-0.0550273999185749,-0.10125040451484,-0.063888950758192,0.112498352726481,-0.0799252511174135,0.0076615676276727,0.0672083579752835,0.0933338518508191,0.00074996184928429,0.029912287336752,0.0861664130101946,-0.189650721371289,0.041080169336771,0.0295824054347104,-0.314156175457199,0.0100985911693872,-0.194722075802783,-0.0627376855758733,-0.0170334081271926,0.12350779845014,-0.0172007443448696,-0.181609316443294,0.0367414002646736,0.0518504282575888,0.0128034940935894,0.0591557247376733,0.0186390644311287,0.132191991280289
"26",0.00437399654915739,-0.098046985997616,0.0988655389343255,0.229428540239931,-0.107099085165558,0.0675934859780249,0.0515748832736347,0.0977990173822843,-0.0371006056531479,0.00608897963537374,0.0386895581705436,0.018832626391684,0.00012918154561683,0.0481603402674378,0.190663822756961,-0.0812205471034964,-0.188040901069133,0.067493343687938,0.0568775143566276,-0.181234445215137,0.259886903682855,-0.253027755322988,-0.0483228832890274,0.00750110017167429,0.156151914699865,1,0.151271442392661,0.142511617884784,0.268398494053816,-0.0826709092350595,-0.0547007397089443,-0.046388454465693,0.0191493499036516,0.0116369616975826,-0.00853517360709216,0.145719376158484,-0.0293966316720768,0.155844881587633,-0.163379895997294,0.0583822129954666,-0.109594612670796,-0.0701240742349105,-0.0127049546552306,-0.0634069320888454,-0.205241863265652,-0.0422838780953028,-0.0385914380470107,-0.0558500823244054,-0.058953440645726,0.00045261424748349,0.189984850626534,-0.241590181371305,-0.0528155879933543,-0.129374979921561,0.115743477633346,-0.0259780680106429,0.00352042667968617,0.0828223944861244
"27",-0.207281767424266,0.0618178613749743,-0.0520919885635052,0.0557757473309428,0.0179065154655473,-0.125352932753709,-0.00505174523775601,-0.101452523158993,0.0395995014602616,0.0655260363170181,-0.140582493937777,-0.120112618008064,-0.00828807406747794,-0.0175789490114205,-0.0452962927210658,0.176370019006967,0.0965531570037012,0.114531520703597,0.00502277484672152,-0.0986100350393623,0.0721681828403322,-0.018449887193746,-0.137413933506407,0.188677584146151,0.106299506477406,0.151271442392661,1,0.0803222512203011,0.10880175381939,-0.0682704425327619,-0.0456031348672751,-0.0839780001448367,-0.0317662643143619,0.223376317843106,0.0448509176207277,0.120946197915688,-0.0243393522601774,-0.0100443790051449,-0.0749935799735129,0.0851582808429938,0.128759929459154,0.209744881022479,0.115751843506525,-0.0322939144225278,-0.0230350510710799,-0.0297357793357666,0.0148756934080851,0.178745376556376,0.0675371506632322,0.249177745740357,0.0235493127383527,-0.145924898276394,-0.134328154762918,-0.156943669373969,0.0292935682518893,0.243776098723731,-0.0996094696072959,0.0852925892826771
"28",0.0290528755865962,-0.0719444032695785,-0.023399206279486,0.0539477859976095,0.0581185383318299,0.0195628404863443,-0.23881242415088,-0.173504602791137,-0.0600851223794716,-0.016087799862895,0.0775117139764201,0.122749107852626,-0.178834549821024,0.0474357815925889,0.0154746128184729,-0.0466219239455802,0.0105350056002367,0.157859288913043,-0.0590653173196716,0.128456175669471,-0.065881475135892,-0.118258559100265,0.0193997064882471,0.140129364889063,-0.20584782856194,0.142511617884784,0.0803222512203011,1,-0.0679979663541831,0.0458718731306329,0.0211669510728675,0.146132703337856,0.200740871700311,0.114238818011982,0.0132437642353209,0.00952664668219557,-0.113328614205486,-0.012694483914633,-0.073041022590684,0.0912132228000071,0.123339880483813,-0.0687013781340403,-0.054612666393451,0.0304891460038252,0.00551718201756103,0.0165122862715516,0.0385954475831112,0.100553328819082,0.00355707447231699,0.0209558331411096,0.0175088249320922,-0.0639733675861221,-0.0353121320268764,-0.0577146748284088,-0.0779857242747933,0.115483529699247,0.0535692461679544,-0.0583143803275352
"29",-0.0904860016352342,0.307084050807071,0.152933495421592,0.247364526801513,0.0581806689427604,0.0137181512467462,0.10983746107288,0.0850344421333902,0.0395789128139267,0.0807731872721467,0.127132974423115,0.101227873778421,0.108898932286826,-0.126784611685061,-0.167468880162168,0.0807389200020814,0.114916654250463,0.0978582454327473,-0.0809857716371946,-0.226772939691829,0.0600008947686384,-0.0448552327488059,0.0739320215255186,0.123613421361278,0.156997241426498,0.268398494053816,0.10880175381939,-0.0679979663541831,1,-0.0400496682237172,-0.0723860037979267,0.0233819563141782,0.131942109330655,-0.0314739721170083,-0.154448963699917,0.282326296367412,-0.0184912656405271,0.0678032437355322,-0.218396439483319,-0.222983031416075,-0.0176617261753263,-0.0189352521328003,0.0577437506014965,0.0287246760095725,-0.0991998624908955,-0.100204577854969,-0.0457191755724339,-0.0661341270001881,0.18086547040616,0.0526304005786703,0.0128784537959891,-0.156310171277855,-0.0775708569700872,-0.124662722928746,-0.0316860762485687,-0.14921000726277,-0.0485041094668609,-0.127815784491299
"30",-0.0426044255934935,0.0236892321981911,0.0169181373592945,-0.224120574026145,0.0347128005188806,0.0509431836929914,-0.258050137499386,-0.0592472329200008,0.0938219290701846,0.00755409300618229,-0.0572822416782612,-0.10511581810151,-0.0704678283016966,0.118854935472561,-0.146418873402503,0.0513741085118583,-0.0431444309898618,0.0554726729929161,-0.0182682775877608,-0.0788610025427127,-0.09590496200018,0.203480317298043,-0.0262176472737192,0.192582214633886,-0.0146918361391563,-0.0826709092350595,-0.0682704425327619,0.0458718731306329,-0.0400496682237172,1,-0.125683174461994,0.105850243304921,-0.0740348912386572,0.0634540854386616,-0.109552342724057,-0.0856687902040612,-0.108399320537255,-0.0376745339522049,0.149948875065597,0.0723299666062163,0.0641671308301328,-0.20890569791884,0.0143436544859774,-0.100207364556586,0.0165580268417657,0.0828873433012908,0.0799163817588231,0.0378067052722461,-0.0999105055904765,-0.158664927098871,0.187934149994704,-0.0486794214903617,0.121764629420007,0.152178610716109,-0.094296165719743,-0.0148389325891444,0.104079935826916,0.214965284421841
"31",0.0687489400170152,-0.0958181812366666,0.146787556152994,0.0455443859858232,0.0343378547561135,0.0329038763082674,-0.120791980966773,-0.0616517903293463,-0.176685878815451,-0.108376447978263,0.209182127159111,0.070415539870037,0.00609440108047514,-0.107109432094688,0.0558811993071768,0.0641752740139241,0.0480463894445712,0.0243911119895217,0.411940534214001,-0.0438496052467775,-0.0346221645402957,-0.118358123140964,0.00367335642054604,-0.103617021779258,-0.0550273999185749,-0.0547007397089443,-0.0456031348672751,0.0211669510728675,-0.0723860037979267,-0.125683174461994,1,0.137461029869812,0.115188323552604,-0.0483278597579289,-0.0475379207572531,-0.264655611007749,-0.0536736427344454,0.022100266699973,0.0538886543581417,-0.0745350456646622,-0.0483807923250219,-0.058469512581124,-0.0778487879860753,0.0423631149502601,0.145786993255294,-0.208289174977653,0.00488029943767814,-0.0639509207942856,0.011296103638561,-0.0473950982674781,0.0236285162618225,0.021855424908517,0.116754391047385,-0.0605185330529013,-0.0962531426947022,-0.092534895235377,-0.0548906311267523,0.0286210156698579
"32",-0.0209772688523639,-0.121011002827095,0.0720035622117459,-0.0162740370096498,-0.00185044250259961,0.191353986468367,-0.162004495367466,-0.073452596000896,-0.240129575394115,-0.106596874310252,0.0927195880922504,-0.0922662865861525,-0.0730203312077152,0.104936608522487,-0.0858680013005069,-0.0657230641110052,-0.0119170056326792,0.24020789205968,0.164123258876438,0.218611338862551,0.0511617156787076,0.0506430804023634,-0.0872075854798952,-0.0263476857487789,-0.10125040451484,-0.046388454465693,-0.0839780001448367,0.146132703337856,0.0233819563141782,0.105850243304921,0.137461029869812,1,0.176957776381655,-0.028764893291577,0.0668121797431527,-0.0635772213901508,0.058442089061609,0.00259609207226257,0.113780840018669,-0.0319487793789738,-0.0497401891767536,-0.0284254332034805,-0.0725911109027072,-0.12660611930038,0.19480572847977,0.0224149734265817,0.0813330040439351,0.00528040577700483,-0.0277089857802345,-0.0329270244968079,0.00787876223393023,-0.103454891427213,-0.279884357291317,-0.136449568474857,-0.174027034266157,0.0139897506723994,0.0300610077876366,-0.193118043925986
"33",0.0766910570690534,-0.12639965679019,0.148948365633676,0.0579825705110308,0.128828657859016,0.00588156684042745,-0.00703781048268378,-0.218135197218909,-0.205155785653435,-0.0384763514137807,0.173007923699818,0.0693886832458504,0.111565840874496,-1.71759115794486e-05,-0.0591534768757167,-0.0674817231261875,0.0133144236079097,0.0105493078302477,0.00702008012688495,-0.102487412062768,-0.0574190392500017,-0.0208185839420841,0.135399331285373,0.155377892989524,-0.063888950758192,0.0191493499036516,-0.0317662643143619,0.200740871700312,0.131942109330655,-0.0740348912386572,0.115188323552604,0.176957776381655,1,0.145900207318008,-0.0542665993298234,0.115574258316853,-0.0750954691727394,0.157057620848798,0.215140208468653,-0.00832897425268932,0.0703724014064693,0.102371173209149,-0.0405376971329834,-0.122826876973347,-0.046297348260538,-0.0636266809630535,-0.0152471528495052,-0.031577217789851,0.16801281586708,-0.0162975884127673,-0.0118789172224505,0.0242206737015406,0.07364760799272,-0.202213376112731,-0.0745847011464438,0.0262986214776677,-0.105513527551507,-0.170036900376784
"34",0.0858340588342658,-0.0386600821864051,-0.025937340239045,0.119587306439783,0.188903378734458,-0.355556436883767,-0.153214483999814,-0.125025640276729,-0.0333487053848861,0.0762108701360818,-0.00201441281756713,0.158405695746759,-0.155462178088864,-0.0471408742416735,0.0141125981621444,0.0561394137576281,0.0579350065622906,0.0582330051922197,-0.0430069245152857,-0.00591887176472874,0.0326082251270244,-0.0254561401099692,0.189323992609028,0.186118592463685,0.112498352726481,0.0116369616975826,0.223376317843106,0.114238818011982,-0.0314739721170083,0.0634540854386616,-0.0483278597579289,-0.028764893291577,0.145900207318008,1,-0.120170205135517,0.0181155374495586,-0.123350065291923,0.0780286561840251,-0.0112419658968345,0.370690575206828,0.0719711568320324,-0.134463027100314,-0.0129373990508666,-0.0485345307873674,-0.337343808185909,-0.0386074707689027,0.0496674402192929,0.144554426685066,-0.061504799456849,-0.0215347540984241,0.0198138702004167,0.114680854765391,-0.0256662808101969,0.131337024078702,-0.0128517681292366,0.00218108603047914,0.179125471897365,0.00135507875838752
"35",-0.078066429395923,-0.0640896891100741,0.00202690259554283,-0.0811632903304617,-0.100761469769506,-0.0129206990913218,0.0860791914439382,-0.0757441907263642,-0.242745476709918,0.010112967979772,-0.0569157701482117,0.0949844476357506,-0.0702633918762504,0.108127976051656,-0.00535277122860204,0.063457017515443,0.0507492587421016,0.117189153180165,-0.112789595776175,0.161019065796341,-0.119816714558934,-0.0211485813849823,0.0674213556891364,-0.0739748144038142,-0.0799252511174135,-0.00853517360709216,0.0448509176207277,0.0132437642353209,-0.154448963699917,-0.109552342724057,-0.0475379207572531,0.0668121797431527,-0.0542665993298234,-0.120170205135517,1,0.099214411348189,0.272730962568164,-0.0620268161379192,0.0691916209714712,-0.117959184394764,0.12022267018153,0.297921651686923,0.0337944067741495,0.0561847008684572,0.0503413625083183,-0.122411755956569,0.0471174262593784,-0.0285649135624566,0.0188830991236189,0.0213762609461736,-0.190635804943855,-0.0805765049274058,-0.161073636601531,-0.193671549876567,-0.101690118252597,0.195559367460408,0.0703981815955916,-0.119568145977997
