"","l_Insular.Cortex","r_Insular.Cortex","l_Amygdal.Area","r_Amygdal.Area","l_Bed.Nucleus.of.the.Stria.Terminalis","r_Bed.Nucleus.of.the.Stria.Terminalis","l_Hippocampus","r_Hippocampus","l_Orbitofrontal.cortex","r_Orbitofrontal.cortex","l_Entorhinal.Cortex","r_Entorhinal.Cortex","l_Frontal.Association.Cortex","r_Frontal.Association.Cortex","l_Globus.Pallidus","r_Globus.Pallidus","l_Glomerular.Layer.of.the.Accessory.Olfactory.Bulb","r_Glomerular.Layer.of.the.Accessory.Olfactory.Bulb","l_Glomerular.Layer.of.the.Olfactory.Bulb","r_Glomerular.Layer.of.the.Olfactory.Bulb","l_Granule.Cell.Level.of.the.Cerebellum","r_Granule.Cell.Level.of.the.Cerebellum","l_Hypothalamic.Region","r_Hypothalamic.Region","l_Entorhinal.Cortex","r_Entorhinal.Cortex","l_Vermix.Molecular.Layer.of.the.Cerebellum","r_Vermix.Molecular.Layer.of.the.Cerebellum","l_Lateral.Molecular.Layer.of.the.Cerebellum","r_Lateral.Molecular.Layer.of.the.Cerebellum","l_Anterior.Olfactory.Bulb","r_Anterior.Olfactory.Bulb","l_Posterior.Olfactory.Bulb","r_Posterior.Olfactory.Bulb","l_Subiculum","r_Subiculum","l_Perirhinal.Area","r_Perirhinal.Area","l_PreLimbic.System","r_PreLimbic.System","l_Primary.Cingular.Cortex","r_Primary.Cingular.Cortex","l_Primary.Motor.Cortex","r_Primary.Motor.Cortex","l_Retrosplenial.Cortex","r_Retrosplenial.Cortex","l_Secondary.Cingular.Cortex","r_Secondary.Cingular.Cortex","l_Secondary.Motor.Cortex","r_Secondary.Motor.Cortex","l_Striatum","r_Striatum","l_Ventral.Tegmental.Area","r_Ventral.Tegmental.Area","l_Substantia.Nigra","r_Substantia.Nigra","l_Thalamus","r_Thalamus"
"1",1,-0.351548686386301,-0.211084910428517,0.27926048045745,0.213046203522929,-0.283527085350962,-0.0351515517237307,-0.0994901657865912,0.088066532142934,-0.293096851341889,0.303497647344275,-0.194189981165493,-0.022299909896471,-0.177125110063464,0.280074649641097,-0.370352233021326,-0.0429095228973369,-0.195197782199286,-0.0978147871438585,0.146780362008617,0.184890883748376,-0.185716895429755,0.0205277253488552,-0.0768043536442072,-0.267545835244019,-0.140617592117656,-0.0201161342703641,0.0296332691955183,-0.238856507233817,-0.126468297603215,0.0134249584083827,-0.0345352142789257,-0.380915135860284,0.15582830850449,-0.292463465030071,0.226543582828619,-0.250244830102181,-0.214613537230496,-0.0918055186351812,-0.33254283705146,-0.179732958040107,-0.146937917215151,-0.139098697260371,0.399493845152273,-0.0534777911068438,-0.228550721690334,-0.170137328357987,-0.285014867432255,0.0652030553632932,0.134140837402488,0.31410390533571,-0.553801425760752,-0.16363871677575,0.0189392932012638,-0.263678335623785,0.125353886292721,0.308133919454908,-0.243212295860678
"2",-0.351548686386301,1,0.4078996851932,-0.0677611864642413,-0.237773468284857,0.166493808011343,-0.106258628327444,0.0964836023002148,-0.122894758165294,0.24620630682854,-0.261952210484262,0.0941845676739044,0.130248016264157,0.107041845004912,-0.0374207444111938,0.279007166078344,0.0219541775265524,0.170679809281626,-0.010864952586608,-0.113743978334661,-0.0613139006202287,-0.164731954123864,-0.195673549788208,0.153486967096889,0.227694750938142,0.0359994801261004,-0.12481733564767,-0.100927592028915,0.179891924328344,0.00936721667138616,-0.200409800111864,0.233744336433099,0.131275172118526,-0.186722568262444,0.267534691768457,-0.103633065067919,0.189487580839991,0.276723299503138,-0.160112451135241,0.106171313560326,-0.0330926326211683,-0.106576453530561,0.0692355435221019,-0.164177901609538,-0.0914478638345764,-0.0692210004777081,-0.0454964122855997,0.0577371458563146,0.0728964524062884,-0.0798413423613484,-0.139015672686673,0.313644313397496,0.0521411067240907,-0.0100342969876737,0.157779136747159,-0.115943745493104,-0.356525781457796,0.19020987732526
"3",-0.211084910428517,0.4078996851932,1,-0.00258335723311317,-0.181117053713247,0.208982206566955,-0.0740609626420567,-0.0652621898387865,0.115322983385767,-0.171444761376741,-0.263939068675966,0.0101367063457275,0.213822269941583,-0.0129736717327717,-0.215179963387757,0.502523855943727,0.00832111631313531,0.0141077168958002,-0.0123606381363207,-0.120972794791015,-0.216854556128817,-0.342118519427787,-0.063572680625095,0.252590617485397,0.263878102508388,-0.109574870271968,-0.0217048424192474,-0.00913543686877981,0.228832376076256,0.00970545651711843,-0.0161080413007285,0.111679399760875,0.0677355428286956,-0.34005386334433,0.604846991602846,-0.499230186584457,0.25063747626829,0.264977121797428,0.016714399727479,-0.0939015930230816,-0.0432407583054031,-0.094900786140733,-0.0166584663708662,0.0210562769246832,-0.0397592095277554,-0.259881591984798,-0.0521313546921229,-0.24778334193737,0.130961951189785,-0.0269691531943357,0.132991636024973,0.162702007325546,0.0197254647764671,-0.211607083747967,0.0198841635210213,-0.228157841948246,-0.338718558190135,0.51381887291633
"4",0.27926048045745,-0.0677611864642413,-0.00258335723311317,1,0.0437172262281081,-0.0846105960218267,-0.216152787237657,-0.144023573284258,-0.0276039455421197,-0.102142863952103,-0.00600890200024189,0.0806793464819348,-0.189923369060875,-0.143829898832907,0.0583056010229741,-0.0219811646460306,0.00609638681797094,-0.191146733275878,-0.0806809467236663,0.0536924471003848,0.227590215633395,-0.246271942451964,0.0556093711795655,0.055868221933179,-0.366418165007173,0.00938092438012871,-0.0327792495766134,0.0464418942922547,-0.0791253770960113,-0.0230926469664007,-0.00370075311125338,-0.0108896840752481,-0.0838590671014741,-0.0968179032675816,-0.0639477727012392,-0.0139678319930809,-0.252242820518272,-0.144059808415042,0.0470099977738632,-0.195683252845785,-0.140425312312161,-0.0419843736414388,-0.189744111188556,0.316688785055188,0.0120262255436569,-0.172963961597221,-0.0165211394431536,-0.25827186834082,-0.0147752539231998,0.0734576268742959,0.140679015765811,-0.207818378667293,0.127189406417475,0.254361518430698,0.0804740126017691,0.13211266888974,-0.0416637365836754,0.0340437984080622
"5",0.213046203522929,-0.237773468284857,-0.181117053713247,0.0437172262281081,1,0.0695876818223361,0.0107157349794248,-0.18689742521934,0.0431262374857187,-0.0856739326274574,0.143107804866814,0.0108916845142185,-0.0631695114176745,-0.0051664433823956,0.0759712177752244,-0.0130230929334032,-0.012529877287881,-0.176815472345223,0.0845784496805951,0.167388892277842,-0.118722601682655,-0.0152392486249304,0.289737960279867,-0.0138239878763215,0.00715367844922483,0.120140278924019,-0.0883957791990883,-0.0884490753450431,0.0390453129940099,-0.0680634697808002,0.170170473311449,-0.0157150713721644,-0.0890893204585305,-0.00922604801372218,-0.170397558590787,-0.0626390929630614,-0.0397829416972714,-0.0327753414308831,-0.00760333666649021,-0.174732397962145,0.00201986444241194,0.0544738337115519,0.0303769976253498,0.0703889475435285,0.0232196851827332,-0.0808023663479282,0.249795109165595,0.00242943896357317,-0.0613198915541068,0.0482674236871621,0.0583761025657931,-0.0919592807861886,0.0359684929196951,0.182149186734584,-0.0497146227636561,0.098155578064487,0.161750367430021,-0.114454835760325
"6",-0.283527085350962,0.166493808011343,0.208982206566955,-0.0846105960218267,0.0695876818223361,1,-0.148518368011967,-0.00266754243399806,-0.133259883205424,-0.0518792211951271,-0.320632728695274,-0.05769733212269,0.0639746270889744,0.141322070684623,-0.135027114201573,0.229493831572313,-0.00157124564856404,0.0308820913311235,0.209376713531201,-0.0779130316987067,-0.235174187681581,-0.0285821049825347,0.0830872830869167,0.189259475115367,0.176318101820118,-0.142992476509481,0.031241956281837,0.138987952861073,0.195341932577777,-0.16151009754865,-0.0911826862726943,0.125719208218124,0.0765036273698214,-0.145098518502554,0.347144819542359,-0.187924165417378,0.259583032636113,-0.00303908637059898,0.104833565271504,0.111390119192632,0.172358539303291,0.237736906580068,-0.106819192972553,-0.130902790219117,0.0349828585741687,-0.0653013926870723,0.24085053024307,0.0771760017631864,0.037041971940133,0.196962189449536,-0.0850581967564884,0.0346713475935264,0.110137869045715,-0.034697374184534,0.0307500155873844,-0.0719032456435149,-0.235747866847825,0.394386945600219
"7",-0.0351515517237307,-0.106258628327444,-0.0740609626420567,-0.216152787237657,0.0107157349794248,-0.148518368011967,1,0.239043350410006,0.109616073280839,-0.115976863461996,0.198790446925095,0.0173358228627205,-0.0618726022188087,-0.00092034611203545,0.256830862659049,0.00504666602074884,0.268379463625228,0.109295949555801,-0.0261488586025241,-0.0167257282816255,-0.0964773474541896,0.177560394299146,0.0422427584437432,-0.116494973755246,0.229770833815995,-0.0875233925074658,-0.234682423906754,0.032851559304574,-0.11436712849538,0.00154458031052465,0.256127554322346,-0.0827195456709754,0.0264103915233049,-0.00014825102660481,0.12814390247928,0.115550775390457,0.0630779526678515,0.271911778129203,-0.150872234590127,-0.137964295650919,0.0110423428543854,-0.0601349640517405,0.1301280709638,-0.146708757822125,-0.0165150443662492,0.0291031532257672,0.103299885565221,0.133469400805912,0.0709903683083264,0.0372219569732192,-0.0730489541632363,-0.105550930358251,-0.125549510109226,-0.106022115531745,-0.0883524724871071,-0.201876080667949,0.122582712175386,-0.237280278715615
"8",-0.0994901657865911,0.0964836023002148,-0.0652621898387865,-0.144023573284258,-0.18689742521934,-0.00266754243399806,0.239043350410006,1,-0.0718556306481139,0.300106850788965,0.00425170857374884,-0.0660129225163539,-0.0832655288922424,-0.06025331237073,0.054713665169251,-0.178749045348589,0.0247804704664128,0.190192666698227,-0.0296132790429562,-0.119392577987851,-0.131469424347174,0.279503252758136,-0.0576878780638358,-0.133561606679683,0.0358623174245305,0.151138237909473,-0.021864835365077,-0.19651628077486,-0.107813413717117,-0.0343763360393923,-0.130813660151729,-0.0600176724824617,0.0190573972018025,0.198151007143071,0.0461697147127414,0.366280849098324,0.137866189289985,0.138810310469627,-0.0657482307163472,0.0832915245079169,-0.0656518415885931,-0.0296751717710087,-0.0610450708969462,-0.440840138697578,0.0588892816760111,0.277101834767571,0.0683777854306712,0.25608161734054,-0.0190753729894608,0.0062226871601823,-0.359069967319357,0.122707337263776,-0.151892256675086,-0.167972526156829,-0.0706362085979921,-0.0345328304531631,-0.0104157144025975,-0.27000775469558
"9",0.088066532142934,-0.122894758165294,0.115322983385767,-0.0276039455421197,0.0431262374857187,-0.133259883205424,0.109616073280839,-0.0718556306481139,1,-0.18936331217063,-0.0734042137992919,-0.165345602279434,-0.132012900027031,-0.150702471295746,-0.136139111425948,0.0871677435151799,0.172707143539301,-0.187618389771089,0.0396554162483063,0.0978269211339204,-0.034437685621398,-0.018363516960461,0.192228356232251,0.183833273054144,0.152801539390521,-0.0447499251243797,-0.00642865120409421,-0.0556793359651071,0.0643884383517037,0.229714419097106,0.135345182604733,-0.0393452478082295,0.124376895513043,-0.184412751206164,0.0314766072164714,-0.108482431615677,0.0179519485322642,0.00317752775692545,-0.0145670699828395,-0.387381975032249,0.00557983310330607,-0.22535792569937,0.158599510848074,-0.0715182674163718,-0.0212246786115991,0.00910229764764403,0.0175237752691237,-0.256410181000909,-0.0586155028562733,-0.277941885052918,-0.146954780911869,0.00885885838744853,0.0509109506981219,-0.119974279443629,-0.0747800417908892,-0.0267955594928596,-0.0822151541241957,-0.00854166591202899
"10",-0.293096851341889,0.24620630682854,-0.171444761376741,-0.102142863952103,-0.0856739326274575,-0.0518792211951271,-0.115976863461996,0.300106850788965,-0.18936331217063,1,-0.120545711135227,-0.088606315565038,-0.0861803916349601,0.0772412107969638,0.00689060271905351,-0.120422308269325,-0.010177844755201,0.142890479768764,-0.0111532361119324,-0.0762282062789758,-0.0428596690908094,0.156367809868062,-0.0684269040040587,-0.276460756290627,-0.216546699222404,0.186278780013002,0.0360659387506413,-0.173617951240333,-0.109661415263679,0.0931270246923545,-0.282454858054599,0.113250144655474,0.0874536808120048,0.186101299765573,-0.147559101880345,0.22291512051965,-0.142632369081682,0.00735520581570723,0.0618577153384197,0.423799698378448,-0.0633016358517672,0.102717043194446,0.0703268726264606,-0.376509719492624,0.184057563330931,0.275239252462366,0.054200627021921,0.367710552088259,-0.128423269459513,-0.102551926504755,-0.345298370770021,0.328908106249565,0.124528549154851,0.0751417535536975,0.122168716559155,0.0276918609274564,0.0780014979392731,-0.355883223052278
"11",0.303497647344275,-0.261952210484262,-0.263939068675966,-0.00600890200024189,0.143107804866814,-0.320632728695274,0.198790446925095,0.00425170857374884,-0.0734042137992919,-0.120545711135227,1,0.036353835685432,-0.0699313776646229,-0.00674494949559006,0.313570833971212,-0.345690178259593,0.00213714194699506,0.0299828341034224,0.060607344105641,0.0578343605856503,0.0302572573919847,0.0530794368444695,0.0774502074352128,0.0409964803118467,-0.106482261750976,0.087357768884786,-0.0856219362824246,-0.0837041735737565,-0.236931221891936,-0.103466281804222,0.22466546628211,0.0128137264479276,-0.0465043362933619,0.172612571875374,-0.229352983810572,0.113632110906841,-0.15056404160434,-0.223135694241645,-0.0626967063359577,-0.228667467939013,-0.0609865443815816,-0.0998171189171681,-0.00902666697699758,0.114576146043971,-0.00219832074287292,0.0117045008061261,-0.0580975934989311,-0.0478093345657705,0.0347845131574483,-0.0490463196574087,0.163742481639761,-0.220243190516405,-0.130761464419268,0.0399113709858848,-0.182682219974327,0.174231742483045,0.401842046747216,-0.262684796370854
"12",-0.194189981165493,0.0941845676739044,0.0101367063457275,0.0806793464819348,0.0108916845142185,-0.0576973321226899,0.0173358228627205,-0.0660129225163539,-0.165345602279434,-0.088606315565038,0.036353835685432,1,-0.0739713635953722,-0.0557397648852348,0.0761266732820033,0.231663689744987,0.0485482391947209,0.135976766521066,-0.0738361768678992,0.210295968448395,0.118149196366324,-0.103131287574548,-0.132200938748102,0.122680043555674,-0.0104509258641918,-0.071361588968404,0.0696214955664127,-0.139682926238954,0.0755789843536567,-0.0347055170899826,0.0249660225193226,0.0437468081641119,-0.124951467761969,-0.0139970175218873,-0.108670752746447,0.0275101743472971,0.0208042901521808,0.00351109254027248,-0.0381001498934685,-0.0738177966735666,-0.051148081498461,0.0255829592471957,-0.0336678933449819,0.0497500507243024,-0.0553794512850585,-0.11832642912209,0.0289964024854474,0.0326461638413658,-0.29441409256841,-0.0969688716636648,0.160573653126217,0.217004243143787,0.0480206732843998,0.0246110975530612,0.0646711708559941,-0.0525939828432344,0.00786443926586137,0.143501136871988
"13",-0.022299909896471,0.130248016264157,0.213822269941583,-0.189923369060875,-0.0631695114176745,0.0639746270889744,-0.0618726022188087,-0.0832655288922424,-0.132012900027031,-0.0861803916349601,-0.0699313776646229,-0.0739713635953722,1,0.240919919360816,-0.00575511096277979,-0.0528983731824842,0.161569732272396,0.11001494281899,0.0112756141811651,-0.17080397455039,0.0672644436181339,0.0750864503050665,-0.267993134828795,-0.0605074654575181,0.217835851630231,0.079989421670757,-0.00384391155068497,-0.00233404127444297,0.10410378610487,0.0832010523137728,-0.0492932215943544,-0.0284483883227716,0.0148136455414787,-0.00077874419633642,0.210478905471039,-0.0697772494778978,0.0860484010963558,0.0207552098329615,-0.0544345752530002,0.127363834403583,-0.0260526692094699,-0.0287208765582045,-0.0651955497199074,0.071431282871688,0.058105886185367,-0.0163128805271117,-0.237717541529571,-0.0793195963046664,0.336870405004426,0.0161753025862063,-0.00747813569760857,0.0606137817350471,0.0633346958344806,-0.122452373226325,-0.0568939005631022,-0.157301929064162,-0.00604266959200695,0.0973721392520016
"14",-0.177125110063464,0.107041845004912,-0.0129736717327717,-0.143829898832907,-0.0051664433823956,0.141322070684622,-0.00092034611203545,-0.06025331237073,-0.150702471295746,0.0772412107969638,-0.00674494949559006,-0.0557397648852348,0.240919919360816,1,-0.138533309213464,-0.028141410025647,0.0219594837584453,0.519100608173271,0.111891953111657,0.046026698095492,0.0881811397229829,0.00776405515806236,-0.0692206507130371,0.0441146527017227,0.0363836418283641,0.0514912360382467,-0.00568292256388934,-0.0693773776419424,0.0208403546027806,-0.0915410058734666,-0.0318418385632503,-0.0873287562268048,0.121309763980231,0.192352852782142,0.0998707482249238,-0.0165074976867906,-0.0685495863972419,-0.0895618214955844,0.0732105335309647,0.256727881404671,-0.033011702700341,0.0692785818291626,-0.0159624080902999,-0.0505905659335589,-0.146030707807615,-0.147545076424386,-0.00036086499679643,0.329042000038494,0.0984972765946082,0.287370968970342,-0.0981697751960227,0.0340788574959501,0.133679469975743,-0.0201498088080886,0.0823515415578072,-0.0371880644110921,-0.0327271685510545,0.0189987740041643
"15",0.280074649641097,-0.0374207444111938,-0.215179963387757,0.058305601022974,0.0759712177752244,-0.135027114201573,0.256830862659049,0.054713665169251,-0.136139111425948,0.00689060271905351,0.313570833971212,0.0761266732820033,-0.00575511096277979,-0.138533309213464,1,-0.2263415700123,0.0184881206422418,-0.0482379655186245,-0.00264098898677541,0.108828053030014,0.0102136482128852,0.0819794236037208,-0.0281205540901663,-0.0720907883727546,0.0784087943774587,0.0561169599729115,-0.164351310919659,0.0868896287955267,-0.248537871684334,-0.107579924791155,0.212911244188012,-0.0586952539585215,-0.00931567120631435,0.120916736593409,-0.244733237037812,0.471868954445622,-0.18662542718051,-0.169271508691803,-0.06165313494278,-0.0247646372338962,-0.0817553847102608,0.0588329728685863,-0.10732454602194,0.0591697927142933,0.0265123369885908,0.0815807412065636,-0.153371556114068,-0.0728136055046023,0.00191706359601922,0.0331508318135748,-0.0783803722185344,-0.34851398094381,-0.133847004776437,0.00343391409051231,0.0993092359035538,0.0334776075143992,0.231560258042989,-0.383887817714098
"16",-0.370352233021326,0.279007166078344,0.502523855943727,-0.0219811646460306,-0.0130230929334032,0.229493831572313,0.00504666602074884,-0.178749045348589,0.0871677435151799,-0.120422308269325,-0.345690178259593,0.231663689744987,-0.0528983731824842,-0.028141410025647,-0.2263415700123,1,0.0465197166386536,0.0953329895267418,0.0727468623160194,-0.0413049347188755,-0.110959498958325,-0.24016337937133,-0.10865283877746,0.180859097282857,0.180848223425484,-0.233587957862163,0.00535185802057125,-0.0642075531235529,0.243978301653755,-0.00372103029202856,-0.0405852723416663,0.119337016987246,0.158398991961348,-0.369931382089099,0.417326081705225,-0.423527424648301,0.132810947434332,0.209622124303584,0.18873914563236,-0.0123640508678906,0.032191245611345,0.0657676444864383,-0.0575175351236208,-0.0131395103864202,-0.0577299970145744,-0.16358357765767,0.0781165695384263,-0.168658794263078,-0.0650803864126487,-0.0257027042654069,0.0816565825964463,0.255356169405276,0.148253745047712,-0.174973880723789,0.372903359117878,-0.223042994831285,-0.273313679096354,0.478320726784855
"17",-0.0429095228973369,0.0219541775265524,0.00832111631313531,0.00609638681797094,-0.012529877287881,-0.00157124564856404,0.268379463625228,0.0247804704664128,0.172707143539301,-0.010177844755201,0.00213714194699506,0.0485482391947209,0.161569732272396,0.0219594837584453,0.0184881206422418,0.0465197166386536,1,-0.00826109211052965,-0.00360820991873558,-0.113198458941532,-0.0445953548738524,0.013481903831241,0.0584654671949896,0.090314682511436,0.126196521918889,-0.0765449259499014,-0.00869463462578944,-0.00358049494243453,-0.060336301772026,0.110218599922551,-0.0733992179210143,0.0126836223971463,0.0655862321443696,-0.144792770134917,0.091638347390389,-0.0544131261303958,-0.0567612270607537,0.147458420122849,-0.123514724440129,-0.100402758373357,-0.003708835527412,-0.0705959845932909,-0.0616925377208317,-0.0180472723961137,0.00770936859293954,0.0432473630083495,0.00929165987897325,0.00398506441166057,0.109265247999731,-0.0168003768826718,0.0255199488479232,0.0845098621722471,0.0662409790201504,0.0376763610813499,-0.0113728649063257,0.014220595725854,0.0310053644083745,0.0736586265948032
"18",-0.195197782199287,0.170679809281626,0.0141077168958002,-0.191146733275878,-0.176815472345223,0.0308820913311235,0.109295949555801,0.190192666698227,-0.187618389771089,0.142890479768764,0.0299828341034224,0.135976766521066,0.11001494281899,0.519100608173271,-0.0482379655186245,0.0953329895267418,-0.00826109211052966,1,0.0419552874842396,-0.13158113921461,-0.0505228579364044,0.00905335264831107,-0.171370976322044,-0.0695645979478782,0.101925432789742,-0.0666329869360985,-0.106867078541742,-0.216842718604201,0.083135057383469,-0.0981930887879249,-0.259380691054215,-0.00095274086828234,0.0638054405159444,0.206388353814627,0.245340552170711,0.0293692018515495,-0.155546020810736,0.035412809417278,0.0642024215866893,0.341938735363681,0.0368255576892712,0.172599366995553,-0.0351280470987914,-0.0481286072177886,-0.0462879131851616,-0.0793577379260093,0.084669196470493,0.28616250214068,0.0224217963625729,0.350472588019692,-0.040002660864123,0.200359223728602,0.092444135981624,-0.101226846377204,0.0586234366798038,-0.102681040309133,0.0246044963874988,0.0143706410269827
"19",-0.0978147871438585,-0.010864952586608,-0.0123606381363207,-0.0806809467236663,0.0845784496805951,0.209376713531201,-0.0261488586025241,-0.0296132790429562,0.0396554162483063,-0.0111532361119324,0.060607344105641,-0.0738361768678992,0.0112756141811651,0.111891953111657,-0.00264098898677541,0.0727468623160194,-0.00360820991873558,0.0419552874842396,1,0.14578534487721,-0.200737516384494,-0.0188846049563679,0.158321094569517,-0.0410363213583283,0.108163506237929,-0.0361762689921682,0.0442714762064372,-0.047168328229951,-0.0596359406953521,0.0250822210424059,0.257472145668449,0.0863992881088329,0.246019927253968,-0.143166796278386,0.041629755490917,-0.0983118819242051,0.0475573769183682,0.0626218886130609,0.0791129701462042,-0.0526363424025671,0.0780053919883898,0.132242325805051,0.0118161925060699,-0.012145142436225,0.0129217256340086,0.110934046232737,0.115814451288429,0.096884759497068,0.139588523391977,0.00755631105782621,-0.141458094427856,-0.0146397832719236,0.130495902406012,0.0276801637979137,-0.0300183761519794,-0.1323614806489,0.0874253072091499,-0.0167668524670771
"20",0.146780362008617,-0.113743978334661,-0.120972794791015,0.0536924471003848,0.167388892277842,-0.0779130316987068,-0.0167257282816255,-0.119392577987851,0.0978269211339204,-0.0762282062789758,0.0578343605856503,0.210295968448395,-0.17080397455039,0.046026698095492,0.108828053030014,-0.0413049347188755,-0.113198458941532,-0.13158113921461,0.14578534487721,1,0.176249326456539,0.202927069109962,0.083416088340524,0.0359230626309466,-0.187224027800594,0.136188074918905,-0.0506671976721565,0.0280786555629299,-0.0599148158409898,-0.0275907671491559,0.336977408302862,-0.0537854728623974,-0.0469080855823811,0.129898093925391,-0.208712736716819,0.158793771234463,-0.0664415452515659,-0.11101317043338,-0.0388415894509612,-0.337831039634514,0.00455575174972629,-0.0594144707191803,0.171422123078711,0.0212587165510254,-0.150505365478663,-0.165180559726208,-0.0567323256389635,0.0460041252622295,-0.0218879364286799,-0.143738807725456,-0.0114337920179926,-0.118507333832135,0.0257737222410234,0.0100644677941128,0.0148839089583143,-0.101747068637108,0.0578410961656447,-0.179739269983237
"21",0.184890883748376,-0.0613139006202287,-0.216854556128817,0.227590215633395,-0.118722601682655,-0.235174187681581,-0.0964773474541896,-0.131469424347174,-0.034437685621398,-0.0428596690908094,0.0302572573919847,0.118149196366324,0.0672644436181339,0.0881811397229829,0.0102136482128852,-0.110959498958325,-0.0445953548738524,-0.0505228579364044,-0.200737516384494,0.176249326456539,1,0.0802646847170835,-0.144416429109712,-0.0743843825659501,-0.186361975273477,0.129338110071876,-0.00068485130503262,-0.118593695972193,-0.141537541387516,0.0113208548599202,-0.0071026321033746,-0.178862586595902,-0.178437892657348,0.190837137633453,-0.244276971589517,0.181348842953554,-0.26328235727756,-0.0418737490831596,-0.0974319268125698,-0.0940535174341403,-0.0655429772284473,0.0665943687167176,-0.143071145234541,0.213087144362974,-0.0597312895427241,-0.036821651962556,-0.201511051864479,0.0351111204405734,0.0233720484367484,0.0863496338416703,-0.0155289166377491,-0.158361716867191,-0.0602168410255343,0.0853787924458458,0.177784301938682,-0.0178864902727943,-0.00968003460293271,-0.181723598510232
"22",-0.185716895429755,-0.164731954123864,-0.342118519427787,-0.246271942451964,-0.0152392486249304,-0.0285821049825347,0.177560394299146,0.279503252758136,-0.018363516960461,0.156367809868062,0.0530794368444695,-0.103131287574548,0.0750864503050665,0.00776405515806237,0.0819794236037208,-0.24016337937133,0.013481903831241,0.00905335264831107,-0.0188846049563679,0.202927069109962,0.0802646847170835,1,-0.0165267263671663,-0.101652875621776,0.00492165599771037,0.226614628471455,-0.0193004592194664,0.00391499710108413,0.00202888605069154,0.306451786846641,0.122583664810278,-0.207855125235735,0.106398042678268,0.130615621041915,-0.206959187549445,0.283348824918872,0.0275271102014895,-0.115120279024418,0.0705182941142402,-0.0106959767419658,0.0516070908638885,-0.0192203546004935,0.155109432371055,-0.30135919090503,0.0129640891177506,0.14022010167834,0.0920157797692153,0.301587819220083,0.0254789798096761,-0.119465197620419,-0.337886427188246,0.0257581484599718,-0.0372802755571523,-0.0183455694521608,-0.026912680018993,-0.0492655839979936,-0.00592222576309451,-0.260368507941228
"23",0.0205277253488552,-0.195673549788208,-0.063572680625095,0.0556093711795655,0.289737960279867,0.0830872830869167,0.0422427584437432,-0.0576878780638358,0.192228356232251,-0.0684269040040587,0.0774502074352128,-0.132200938748102,-0.267993134828795,-0.0692206507130371,-0.0281205540901663,-0.10865283877746,0.0584654671949896,-0.171370976322044,0.158321094569517,0.083416088340524,-0.144416429109712,-0.0165267263671663,1,0.236133213403337,-0.10223746125583,0.0445788826197745,-0.0511111455402839,-0.0813497899826303,-0.042388551247115,-0.0566376882043189,0.196933806151727,-0.109767407820545,-0.0651397855580669,0.148621780801189,-0.123940803748784,-0.173418057140671,-0.120932950147661,0.0933016649132554,-0.112369870696459,-0.131957247691546,-0.102412080224927,-0.0549993229687646,-0.0167702134360828,-0.0579194852365864,-0.0498174579408486,-0.052280019775937,0.222272389589478,0.053472677332473,-0.125774074813119,-0.0671604744414992,-0.147662192375649,-0.124370445711404,0.0457393188601355,0.214567344189233,-0.146454775715648,0.212946173071524,-0.00554685910396707,-0.076443042783219
"24",-0.0768043536442072,0.153486967096889,0.252590617485397,0.055868221933179,-0.0138239878763215,0.189259475115367,-0.116494973755246,-0.133561606679683,0.183833273054144,-0.276460756290627,0.0409964803118467,0.122680043555674,-0.0605074654575181,0.0441146527017227,-0.0720907883727546,0.180859097282857,0.090314682511436,-0.0695645979478782,-0.0410363213583283,0.0359230626309466,-0.0743843825659501,-0.101652875621776,0.236133213403337,1,0.0191207345230071,-0.0869519938062667,-0.0565447715446933,0.0461554221001873,0.143192666544594,-0.171497115363152,0.0308030883766864,0.0358428712291376,0.0465809367968277,-0.148002768935471,0.237997772414017,-0.266034028281404,0.0346031976888828,-0.0408288658794348,0.0412012628546419,-0.258761476527106,-0.118458303741048,-0.228492822931388,-0.0699376408310816,0.014296405921099,-0.0919969728300902,-0.149518070330906,0.0542623996423751,-0.261767561878289,-0.138574000399789,-0.0700407073629066,0.0596835720477268,0.0190135362044086,0.11417660526107,0.157850416124606,-0.00628545501401579,-0.0481060962850909,-0.16077515113744,0.423467520323729
"25",-0.267545835244019,0.227694750938142,0.263878102508388,-0.366418165007173,0.00715367844922483,0.176318101820118,0.229770833815995,0.0358623174245305,0.152801539390521,-0.216546699222404,-0.106482261750976,-0.0104509258641918,0.217835851630231,0.0363836418283641,0.0784087943774587,0.180848223425484,0.126196521918889,0.101925432789742,0.108163506237929,-0.187224027800594,-0.186361975273477,0.00492165599771037,-0.10223746125583,0.0191207345230071,1,-0.0995134972253324,0.00090372527430873,-0.079705574387041,0.295949327895141,0.208662916252365,0.155736749187889,0.0365742977563043,0.246932330152371,-0.137814820492272,0.391291612450977,-0.109976362536323,0.404277127188933,0.259857012847477,-0.188738528247435,-0.0390964564812283,0.214945639509344,0.0256741988510507,0.19251239515762,-0.157172130172539,-0.0509664130104032,0.152343392946783,0.0308231088991413,0.0664015228786962,0.186346092889829,-0.0959639601796512,-0.118927400181397,0.162927325656155,-0.00124208046974792,-0.162102979608562,0.0250688500990879,-0.0903784570848634,-0.136709194914524,0.120550214885451
"26",-0.140617592117656,0.0359994801261004,-0.109574870271968,0.00938092438012871,0.120140278924019,-0.142992476509481,-0.0875233925074658,0.151138237909473,-0.0447499251243797,0.186278780013003,0.087357768884786,-0.071361588968404,0.079989421670757,0.0514912360382467,0.0561169599729115,-0.233587957862163,-0.0765449259499014,-0.0666329869360985,-0.0361762689921682,0.136188074918905,0.129338110071876,0.226614628471455,0.0445788826197745,-0.0869519938062667,-0.0995134972253324,1,-0.130687981283753,-0.0805980955515287,-0.0104727483068529,-0.037906496817476,0.0268941601664591,-0.180779591262528,0.170207515997257,0.207759037442028,-0.0983274228796177,0.14243679100997,0.0633309475593795,-0.0674487945548721,-0.181991211360367,0.0368746675345991,0.00495622779041889,-0.00650487841701094,0.0117989039411544,-0.243804102808316,0.166792073471484,0.110171542305671,-0.0889785206846977,0.157866335714584,0.00567154078352866,-0.158853539670085,-0.279616076732706,0.146267090565797,-0.043206375838205,-0.0144928642189473,-0.0148839012774756,0.130235634311718,0.133680018992059,-0.169831002615571
"27",-0.0201161342703641,-0.12481733564767,-0.0217048424192474,-0.0327792495766134,-0.0883957791990883,0.031241956281837,-0.234682423906754,-0.021864835365077,-0.00642865120409421,0.0360659387506413,-0.0856219362824247,0.0696214955664127,-0.00384391155068497,-0.00568292256388934,-0.164351310919659,0.00535185802057125,-0.00869463462578944,-0.106867078541742,0.0442714762064372,-0.0506671976721565,-0.00068485130503262,-0.0193004592194664,-0.0511111455402839,-0.0565447715446933,0.00090372527430873,-0.130687981283753,1,0.0328369003384758,-0.00707527110251422,0.118660876836536,-0.0518081423961946,-0.0197116871970264,-0.114766820141417,-0.0557443933926906,0.00212028966287579,-0.160829972883772,0.166016493109349,-0.0838233185785748,0.0510544373431725,0.0117384689174697,0.0889462551716447,0.149647141366677,-0.108751068672728,0.0954863684652075,0.136812000574263,0.0803622899515905,-0.211301181714068,0.0127115543219585,0.00221790393728948,-0.00080516353132749,0.0161977176043742,-0.0969256559354649,0.0572366779619476,0.0665460321842655,-0.177326657236246,0.238387922302676,-0.0860132461788307,0.125684369687258
"28",0.0296332691955183,-0.100927592028915,-0.00913543686877981,0.0464418942922547,-0.0884490753450431,0.138987952861073,0.032851559304574,-0.19651628077486,-0.0556793359651071,-0.173617951240333,-0.0837041735737565,-0.139682926238954,-0.00233404127444297,-0.0693773776419424,0.0868896287955267,-0.0642075531235529,-0.00358049494243453,-0.216842718604201,-0.047168328229951,0.0280786555629299,-0.118593695972193,0.00391499710108413,-0.0813497899826302,0.0461554221001873,-0.079705574387041,-0.0805980955515287,0.0328369003384758,1,-0.0295291438464226,-0.210975633540528,0.0750222075345322,-0.0096681705260364,0.0963863483485341,-0.303632002308171,0.0768011689361828,0.0336333465293759,0.0745054063927202,-0.22212302101839,0.0296221517784008,0.0240542164609601,0.0681936631217302,0.0680632969080093,0.0342189899533799,0.116449747921815,0.137091153099581,0.0587262912256609,-0.0088464668826041,-0.0983538513352028,0.0604087989823977,0.110178541927976,0.0937643127912696,-0.160411406213963,-0.144664942322578,-0.0988791058412389,-0.0266903573613615,-0.101418839622823,-0.117260016184781,0.0769643025412974
"29",-0.238856507233817,0.179891924328344,0.228832376076256,-0.0791253770960113,0.0390453129940099,0.195341932577777,-0.11436712849538,-0.107813413717117,0.0643884383517037,-0.109661415263679,-0.236931221891936,0.0755789843536567,0.10410378610487,0.0208403546027806,-0.248537871684334,0.243978301653755,-0.060336301772026,0.083135057383469,-0.0596359406953521,-0.0599148158409898,-0.141537541387516,0.00202888605069154,-0.042388551247115,0.143192666544594,0.295949327895141,-0.0104727483068528,-0.00707527110251422,-0.0295291438464227,1,-0.0387657800571002,-0.0373263865655893,-0.0536530587403174,0.0956833636922306,-0.174843908922446,0.28228752679656,-0.229023358212671,0.147739774951995,0.106532965757606,0.00198566920234399,-0.0373029348872168,0.133833747079823,-0.0845933221844575,0.0940455534074132,-0.0367599408535531,-0.0165152044806579,-0.0947183480615318,0.106725115615678,-0.0866206151195406,0.00236488319396735,-0.133627864664032,-0.120684555447694,0.141790853365446,0.139846903068588,-0.106578864901617,0.00216937638483459,-0.0364108335262479,-0.242860844828133,0.379447716460775
"30",-0.126468297603215,0.00936721667138616,0.00970545651711843,-0.0230926469664007,-0.0680634697808002,-0.16151009754865,0.00154458031052465,-0.0343763360393922,0.229714419097106,0.0931270246923545,-0.103466281804222,-0.0347055170899826,0.0832010523137728,-0.0915410058734666,-0.107579924791155,-0.00372103029202856,0.110218599922551,-0.0981930887879249,0.0250822210424059,-0.0275907671491559,0.0113208548599202,0.306451786846641,-0.0566376882043189,-0.171497115363152,0.208662916252365,-0.0379064968174759,0.118660876836536,-0.210975633540528,-0.0387657800571002,1,0.0308028779778225,-0.0507335004816205,0.0954864688587792,-0.0292813627865995,-0.113662032038459,-0.016302859620879,0.00455227084513675,0.164922054972474,-0.00590999883096634,-0.0243722911997366,-0.113243140859169,-0.114556058016456,0.159897248334421,0.0591532349904086,-0.0386424774541495,0.0634568029018708,-0.0704192850812324,0.0014259551325941,0.0866296125130127,-0.0896579440974198,0.0222375860435319,0.158509181489579,0.0890398383599315,0.0374659670942246,0.0100412166251948,-0.0163390178052712,-0.0327533455544446,-0.10995397977435
"31",0.0134249584083827,-0.200409800111864,-0.0161080413007285,-0.00370075311125338,0.170170473311449,-0.0911826862726943,0.256127554322346,-0.130813660151729,0.135345182604733,-0.282454858054599,0.22466546628211,0.0249660225193226,-0.0492932215943544,-0.0318418385632503,0.212911244188012,-0.0405852723416663,-0.0733992179210143,-0.259380691054215,0.257472145668449,0.336977408302862,-0.0071026321033746,0.122583664810278,0.196933806151727,0.0308030883766864,0.155736749187889,0.0268941601664591,-0.0518081423961946,0.0750222075345322,-0.0373263865655893,0.0308028779778225,1,0.0396744837755806,0.21329196665057,-0.0362632652316031,-0.119884149704596,0.0734766055109388,0.118116487830131,-0.0127802821566333,-0.0441590609235432,-0.278888453161135,0.107302593712001,-0.0814040620157065,0.100956307874709,-0.0061395126271029,-0.0630935589070309,0.0496716951253725,0.00553021317916453,-0.0290117534750866,0.148443537468384,-0.128906805078081,-0.0782954020125336,-0.116687521320205,-0.0621964130625152,0.00604577113688216,-0.00029281409313559,0.0519737773620757,0.103354883267769,-0.146641525588263
"32",-0.0345352142789257,0.233744336433099,0.111679399760875,-0.0108896840752481,-0.0157150713721644,0.125719208218124,-0.0827195456709754,-0.0600176724824617,-0.0393452478082295,0.113250144655474,0.0128137264479276,0.0437468081641119,-0.0284483883227716,-0.0873287562268048,-0.0586952539585215,0.119337016987246,0.0126836223971463,-0.00095274086828234,0.0863992881088329,-0.0537854728623974,-0.178862586595902,-0.207855125235735,-0.109767407820545,0.0358428712291376,0.0365742977563043,-0.180779591262528,-0.0197116871970264,-0.0096681705260364,-0.0536530587403174,-0.0507335004816205,0.0396744837755806,1,-0.0359059622890233,-0.055966328829179,0.116145478541275,0.00821711916338726,0.0960920570279707,0.035217393006897,-0.00205804831596313,-0.0697705220915263,-0.117398342751088,-0.0198930807506618,-0.0740089089653736,-0.0417122631280863,-0.128990078314277,0.0346597569680552,0.00982418120441586,-0.0299038868154912,-0.131147906457634,0.00143329141084596,0.102284492390344,0.0417080545264131,-0.0970543141279359,-0.104653614544774,-0.100787421300479,0.0176431018244934,0.0134127470451079,0.018441165911816
"33",-0.380915135860284,0.131275172118526,0.0677355428286956,-0.0838590671014741,-0.0890893204585305,0.0765036273698214,0.0264103915233049,0.0190573972018025,0.124376895513043,0.0874536808120048,-0.0465043362933619,-0.124951467761969,0.0148136455414787,0.121309763980231,-0.00931567120631435,0.158398991961348,0.0655862321443696,0.0638054405159444,0.246019927253968,-0.0469080855823811,-0.178437892657348,0.106398042678268,-0.0651397855580669,0.0465809367968277,0.246932330152371,0.170207515997257,-0.114766820141417,0.0963863483485341,0.0956833636922306,0.0954864688587792,0.21329196665057,-0.0359059622890233,1,-0.21451509671191,0.149829257944975,-0.0686626892390936,0.105462506869299,-0.0239316979962209,0.057999800191724,0.0332708022030953,0.0933358043116537,-0.180302524007894,0.136349791347157,-0.144238099524977,0.00146588306041293,0.127834615260232,0.0562731894149743,-0.0238583330086432,0.0958234514506168,-0.108737459102197,-0.141714610100511,0.211526973658987,0.160852278969816,-0.0850652460454409,0.185068179294711,-0.136052667912563,-0.0795944444547325,0.0890066058322281
"34",0.15582830850449,-0.186722568262444,-0.34005386334433,-0.0968179032675816,-0.00922604801372218,-0.145098518502554,-0.00014825102660481,0.198151007143071,-0.184412751206164,0.186101299765573,0.172612571875374,-0.0139970175218873,-0.00077874419633642,0.192352852782142,0.120916736593409,-0.369931382089099,-0.144792770134917,0.206388353814627,-0.143166796278386,0.129898093925391,0.190837137633453,0.130615621041915,0.148621780801189,-0.148002768935471,-0.137814820492272,0.207759037442028,-0.0557443933926906,-0.303632002308171,-0.174843908922446,-0.0292813627865995,-0.0362632652316031,-0.055966328829179,-0.21451509671191,1,-0.291421495070024,0.396614269969698,-0.346168863349346,0.0648037148169229,-0.0964134541020593,0.221517056298683,-0.0201273003176496,0.127790113875309,-0.123216309962131,0.0308973442144905,-0.0880838454256899,0.0237775810187591,-0.0694197779601945,0.205393404742117,-0.0798275137898714,0.106023076657876,-0.14930989248298,-0.192419464607476,0.00984195826492125,-0.056515193054788,-0.0604283681944305,0.168883601101042,0.2284639799707,-0.399268660694362
"35",-0.292463465030071,0.267534691768457,0.604846991602846,-0.0639477727012392,-0.170397558590787,0.347144819542359,0.12814390247928,0.0461697147127414,0.0314766072164714,-0.147559101880345,-0.229352983810572,-0.108670752746447,0.210478905471039,0.0998707482249238,-0.244733237037812,0.417326081705225,0.091638347390389,0.245340552170711,0.0416297554909171,-0.208712736716819,-0.244276971589517,-0.206959187549445,-0.123940803748784,0.237997772414017,0.391291612450977,-0.0983274228796177,0.00212028966287579,0.0768011689361828,0.28228752679656,-0.113662032038459,-0.119884149704596,0.116145478541275,0.149829257944975,-0.291421495070024,1,-0.417139483073418,0.309651228015352,0.276510873005253,0.0193532184603732,0.0208636813014031,0.141247816479038,0.036604274272057,0.0249604283428932,-0.0680898585114562,0.122972024305765,-0.108517198714467,0.102586604458779,-0.0376781732194388,0.193212321948376,0.141253961239128,-0.0451360962449108,0.135371310459079,0.125207137147885,-0.191154649492617,0.087784911738054,-0.251550497134144,-0.30738331217276,0.548907955126437
