"","l_Insular.Cortex","r_Insular.Cortex","l_Amygdal.Area","r_Amygdal.Area","l_Bed.Nucleus.of.the.Stria.Terminalis","r_Bed.Nucleus.of.the.Stria.Terminalis","l_Hippocampus","r_Hippocampus","l_Orbitofrontal.cortex","r_Orbitofrontal.cortex","l_Entorhinal.Cortex","r_Entorhinal.Cortex","l_Frontal.Association.Cortex","r_Frontal.Association.Cortex","l_Globus.Pallidus","r_Globus.Pallidus","l_Glomerular.Layer.of.the.Accessory.Olfactory.Bulb","r_Glomerular.Layer.of.the.Accessory.Olfactory.Bulb","l_Glomerular.Layer.of.the.Olfactory.Bulb","r_Glomerular.Layer.of.the.Olfactory.Bulb","l_Granule.Cell.Level.of.the.Cerebellum","r_Granule.Cell.Level.of.the.Cerebellum","l_Hypothalamic.Region","r_Hypothalamic.Region","l_Entorhinal.Cortex","r_Entorhinal.Cortex","l_Vermix.Molecular.Layer.of.the.Cerebellum","r_Vermix.Molecular.Layer.of.the.Cerebellum","l_Lateral.Molecular.Layer.of.the.Cerebellum","r_Lateral.Molecular.Layer.of.the.Cerebellum","l_Anterior.Olfactory.Bulb","r_Anterior.Olfactory.Bulb","l_Posterior.Olfactory.Bulb","r_Posterior.Olfactory.Bulb","l_Subiculum","r_Subiculum","l_Perirhinal.Area","r_Perirhinal.Area","l_PreLimbic.System","r_PreLimbic.System","l_Primary.Cingular.Cortex","r_Primary.Cingular.Cortex","l_Primary.Motor.Cortex","r_Primary.Motor.Cortex","l_Retrosplenial.Cortex","r_Retrosplenial.Cortex","l_Secondary.Cingular.Cortex","r_Secondary.Cingular.Cortex","l_Secondary.Motor.Cortex","r_Secondary.Motor.Cortex","l_Striatum","r_Striatum","l_Ventral.Tegmental.Area","r_Ventral.Tegmental.Area","l_Substantia.Nigra","r_Substantia.Nigra","l_Thalamus","r_Thalamus"
"1",1,0.19347416080473,0.157163637334669,-0.0297290841645588,0.177780416268406,0.0297647379925024,0.05476217405447,0.121458004455337,0.286529376138861,0.026704656221868,0.241637365115051,0.206567325884067,-0.130389384078772,-0.18790014402427,0.161502536022437,0.113557861800581,-0.165665433223527,-0.291535878955971,-0.302375854484063,-0.28152417645395,0.117362671245626,-0.0949551292837872,0.0100796838289188,-0.0418923899934364,0.0255675875259871,0.259415780797414,-0.0322263374363775,-0.113047374874603,0.0244932792050346,-0.194599703275097,-0.20229849697659,-0.370783830808057,-0.11292711255411,0.0145049197571976,0.180058843882842,0.0899972907103659,0.0551583100987552,-0.0137899808085371,0.046729861788374,0.031720334356761,0.0162757716982179,0.0769837593690687,-0.0759649265014915,0.0584961679871705,-0.0302967858525319,0.0585352224782957,0.012970280518193,-0.0524727819668589,-0.109726618077871,-0.0145460824029496,0.329546082000991,0.290439202712161,-0.0424463033961253,-0.17114020545499,0.122015708457482,-0.0250270390183816,0.133207372997937,0.090227092040635
"2",0.19347416080473,1,0.055902550927612,-0.028490715975128,0.0175081382708503,0.0802800890932814,-0.116442522686544,-0.0624914523660062,0.03925032756861,0.254986884423499,-0.0202574613141514,0.0953180409316435,-0.20390553617107,-0.0924688838061106,0.126893423735774,0.0536254285300919,-0.0362097360377883,-0.119724223704634,-0.287994653650261,-0.0849093695294128,0.0288203758478897,0.0989659637849415,0.0314792096698699,-0.0106649701866428,-0.149455596479134,0.137158002043737,0.0541433055711927,-0.122973179548708,0.152225753978042,-0.112245200651279,-0.196468739420717,-0.178930799403592,0.0155467650246852,0.155895655145701,0.126721293149539,-0.114146018634789,-0.0310992243765273,0.105676534381816,-0.0210747421032565,-0.0377633154646036,0.0615627302821845,-0.0885046381619715,0.0316551890294831,0.164741806730592,-0.0349231447627138,-0.00935125352856478,-0.107608462443508,0.0414441898744191,-0.0876155821231472,0.0702669102738619,0.259552681974689,0.164835224677564,-0.0686655470118779,-0.123039894495323,-0.0026607740912184,0.128927983218366,-0.111357509751935,0.0177157405204664
"3",0.157163637334669,0.055902550927612,1,0.13193711497658,-0.098459191005897,0.12107739210508,0.0607913700417927,0.117390438470552,-0.0166755603111843,0.0178402787179385,0.124805938682532,0.0477022046757688,-0.19972807944668,0.0410315492570191,0.139051084113247,-0.0300499759249577,-0.0892545443581315,0.0163024065671678,0.027044731367293,0.0114679007346316,0.301563787279843,0.0355451589296072,-0.0979114948690799,0.0332297565813382,0.0889940323134625,0.248590360374082,0.045472085642966,-0.0131901509708417,0.0913082230211836,0.00065067424894146,0.0857540725071384,-0.00784778392546128,-0.205549686652362,0.011327632325621,-0.0744576294766398,-0.0105036193805129,0.156590911318148,-0.0224624292266465,0.012382683315605,0.13931800960382,-0.127363031929818,-0.0141338269170877,-0.0479508372848157,0.0953852575071995,-0.073725103225913,-0.0079527730446513,-0.0354825495847793,-0.126470045189913,-0.277486760766188,0.0774767455112092,0.0553571473924115,0.0259950824475362,0.0572591919096355,0.0719852098364373,0.0350787342554489,0.16720921138343,-0.125612873412167,0.187843306366699
"4",-0.0297290841645588,-0.028490715975128,0.13193711497658,1,0.0678286918580698,-0.094126351165398,0.127265529475723,-0.103691201653943,0.173355130923646,-0.00377763164564514,-0.00368331233747101,0.0868899736325299,-0.130022732901232,0.1442119530726,0.0193137384157023,0.0605357676400895,0.0217830010781505,-0.0544701600920561,0.0536950491521254,0.0962165982115631,0.187254590327521,0.093509741058536,-0.0722355607847536,-0.0111095140427236,0.080174399885744,0.105772597624812,-0.0203516828511036,0.272355286265982,-0.049766572489852,0.0801047995817119,-0.041711755232099,-0.0307204001734394,-0.29426526590565,-0.012521403937982,-0.193554654824451,-0.0697480017095596,0.0407395803767707,-0.0513359116680668,-0.210810965828418,-0.0884873844569629,-0.0344846267794118,-0.10777214665598,0.0241788175312387,0.107193160335223,0.0962945029362909,0.102011533456621,-0.0393058630512813,-0.074821096328316,-0.155961481303829,-0.0889538286749293,-0.155882253267771,-0.189905470846917,-0.0608379954757078,0.174793524652859,0.0484353948170771,0.136241229635716,0.0613077532610766,-0.151911898030984
"5",0.177780416268406,0.0175081382708503,-0.098459191005897,0.0678286918580698,1,0.0155182900515569,0.121044189414574,0.164844737542987,0.0460624089981409,0.0231550648403789,0.118850211389827,0.120301000813483,-0.0494275149084916,0.0220532402036622,0.114614584162472,0.0250798329275687,0.179698476490004,-0.0650700981937325,0.0183739980367884,0.0269153156262237,0.0679387496745381,-0.131002231212037,-0.0106627716673221,0.104214369681707,0.0180257077263539,0.253701931078921,-0.0776052818167655,-0.0339339782453022,0.125926081269125,-0.0611739135665086,0.0763033487257246,0.0813566723597503,-0.231691207038492,-0.114750879017721,-0.056294309543863,-0.0725219625371944,0.217546846901036,0.00577160537653222,-0.134568786972653,-0.0393881114825355,0.156078636998728,0.159706346529405,-0.0806247493514292,0.0199166954810631,0.109291086444324,0.0987889429933608,0.205825129376104,0.168009679054748,-0.0118157345200296,-0.0616404307032545,0.0898399542994473,0.193096777004753,0.00919112801315488,-0.0367868235953132,0.204270235681794,0.0515143420146268,0.189025867370344,-0.00420556084000225
"6",0.0297647379925024,0.0802800890932814,0.12107739210508,-0.094126351165398,0.0155182900515569,1,-0.0401139288180061,0.111679773135345,-0.205236535599784,-0.0305826845713434,-0.0770158815439258,-0.123990430134148,-0.163591459954165,-0.204833384743553,-0.050302266757254,-0.144386045972203,0.12207030811026,0.0653696560579377,0.065821051685344,0.0696884015978532,-0.0942669169746166,-0.113137662975202,0.0797122471912906,0.0619284696613568,-0.0710353313467259,-0.0492323735160699,0.0144552992773414,-0.0216857128512928,0.0476054102278011,0.0111443318113571,0.022254064384573,0.0657125673232903,0.0496911085102513,0.0112529445971955,-0.111857151633645,-0.0453264634190428,0.00262448497256302,-0.126717155838831,0.0187241958921639,-0.0791124024552639,0.0178523769719212,0.0907132182066587,-0.031973868319453,0.108641061036552,0.0762900874331819,-0.036874199540521,0.0696634270490142,0.102903322036711,-0.0789760762027737,0.0675858850998081,-0.0647727792818831,0.0419588082266502,0.106093606809613,-0.113926847376,-0.224891757627266,-0.134815682444536,0.0378282684928177,0.29314054587326
"7",0.05476217405447,-0.116442522686544,0.0607913700417927,0.127265529475723,0.121044189414574,-0.0401139288180062,1,0.116237999515678,0.175726500606158,-0.1535076768142,-0.0102969377965849,0.098490306475691,-0.0733961913074955,0.13683387168645,-0.074989075391211,0.12195267358018,0.0202924269705877,0.132193512759624,0.314546179551873,0.276590065148594,0.223583700902244,0.104476325340568,0.272962254841142,0.249495077356403,0.106382296230948,-0.0361982762357838,0.0205175237336291,0.196794748736879,0.0899132751975336,0.245263893473716,0.329666147233231,0.288001281729814,-0.14678784482818,0.00111349397630002,0.183770653091939,-0.0441571659810296,0.154050191490147,0.120200333815309,0.0720304130935492,0.303880138533376,0.0127905734959381,0.12502234081378,0.181433581291547,0.0315808382024411,0.383682657164125,0.168942175414487,0.121317375157137,-0.00459947283012456,0.102707172486808,0.186158742949262,-0.0380579520681397,0.0605641820083807,-0.0149986864503465,0.265775561487502,0.105538015941991,0.0739996442357946,0.187818849132293,0.00909124224980571
"8",0.121458004455337,-0.0624914523660062,0.117390438470552,-0.103691201653943,0.164844737542987,0.111679773135345,0.116237999515678,1,0.0457244474365536,-0.0414713731235137,0.258446361860141,0.175350204243713,-0.0306738706750958,0.018182051015487,-0.0935474765908715,0.164232534264099,0.122646006558215,0.0683703642732521,0.170882643806463,-0.0591652009914568,0.177393813455354,-0.0959853546360838,0.309377980671212,0.228047407399675,0.331934394865537,0.0605698484248525,0.153320379221692,-0.0644868349938629,0.188162276751994,0.0227042781321559,0.293625906335897,0.0222905662683781,0.144721279693361,-0.151530428529039,0.193063105690994,0.233684270569759,0.208234450388422,-0.00918848676241925,0.161024942729621,0.107357820332796,0.17519401323293,0.209595855746235,0.137677315837357,0.026517472038385,0.174381918736301,0.102662158760893,0.178444556038482,-0.0915144388142968,0.0114771707737988,0.121893538142264,-0.0144321811631754,0.0971756345546094,0.0877530654151659,0.116482851622543,-0.00272463756551949,-0.071352490624995,0.0828943539799262,0.412847423411181
"9",0.286529376138861,0.03925032756861,-0.0166755603111843,0.173355130923646,0.0460624089981409,-0.205236535599784,0.175726500606158,0.0457244474365536,1,0.125269624648921,0.0529928195304598,0.156623160341531,0.124525287885198,0.140406395892387,-0.0531402495508139,0.0134559892667509,-0.14071330989627,-0.15070526834571,-0.115139105207889,0.0352839665652404,0.2299176347611,0.122093703694903,0.0696397484448936,0.0390711602624657,0.0364315038173869,0.0561343494831073,0.0322827880377657,0.0271065372209733,0.0280647436992071,0.104456064126521,0.0162176773771345,-0.129704969014276,-0.0565937860778003,-0.136344288886029,0.0926365467601807,0.0658644361035534,0.0515866387923106,-0.118906356983186,-0.102844584878861,-0.0686004742248351,-0.218005314009923,-0.163271972622914,-0.00333346413970084,0.0412155137359285,0.175464183648052,0.0709358845168473,-0.122484508194902,-0.146596944250644,0.107803721287933,-0.043575542862758,0.0231012921559645,0.0257233742935666,-0.0962175962528006,0.0618883587917028,-0.0167715565772732,-0.020762268886825,0.17169198899598,-0.0507650967943495
"10",0.026704656221868,0.254986884423499,0.0178402787179385,-0.00377763164564514,0.0231550648403789,-0.0305826845713434,-0.1535076768142,-0.0414713731235137,0.125269624648921,1,-0.159479154447485,0.0194292132112698,0.125547943203012,0.140519407725114,0.0946390312414988,0.0963508680705379,-0.0785480819609712,-0.057527995965715,-0.0267156141280702,-0.0241672079897772,0.143695391915251,0.040289458613079,0.162664314338885,-0.0153677232277419,-0.0998071918104487,-0.14052537071222,-0.0665144376035419,-0.00752166148466418,0.0050558717455762,0.0734834864256532,-0.0564764175459473,0.0274486593901839,0.0602629827940883,0.140705079974436,0.0164029960462309,-0.157520414201992,0.0990436456048243,-0.2290880787042,-0.113087782796266,0.0668690783063172,-0.195710770265024,-0.0966703667538074,-0.183007211886233,0.0748385111411733,-0.141887139860111,0.0486483192902359,-0.149460618324289,-0.0533265942659168,-0.00459482422335707,-0.0811950675732006,0.227298204942434,0.00549711554048563,-0.0196068479496086,0.14171529576609,-0.0132705992500341,-0.0775042317701989,-0.0170782918780377,-0.0962726480425375
"11",0.241637365115051,-0.0202574613141514,0.124805938682532,-0.00368331233747101,0.118850211389827,-0.0770158815439258,-0.0102969377965849,0.258446361860141,0.0529928195304598,-0.159479154447485,1,0.191540188807796,-0.0328044767367241,-0.0640683200445718,0.0783319940022064,0.159979292012334,0.0406494423209968,-0.0219924603366951,0.126654492064538,0.0354384298007607,0.147884361920806,-0.127631114351334,-0.0447601453553235,0.0532019215308466,0.161074590474599,0.165825283757878,0.234332847510622,0.060224376574683,0.0730252443498713,0.0799002515234138,0.214829717735804,-0.0480829407440313,-0.0465501563736936,-0.0234251665432131,0.145391475957581,0.299712819274832,0.0509786401348281,-0.0903614200068779,0.305487050190841,0.14631291986231,-0.0123430452943338,0.125494001403317,0.117851607255184,0.105696100243184,0.00143763121733145,0.0817995602600273,-0.0370642662185994,0.022079133855299,-0.0342065989816471,0.120476885921957,0.177683192024783,0.247511665991706,0.0734279339537413,0.109231181509571,0.136625144967945,-0.118460836405897,0.0326485128525281,0.307859263377008
"12",0.206567325884067,0.0953180409316435,0.0477022046757688,0.0868899736325299,0.120301000813483,-0.123990430134148,0.098490306475691,0.175350204243713,0.156623160341531,0.0194292132112698,0.191540188807796,1,-0.0129740205760465,-0.0788789682715023,0.0573989386243918,0.241864298157124,-0.142669176202615,0.0334444145574948,0.0401315782316703,-0.0187676252092435,0.191143327037646,-0.0163543506219551,0.036133228362383,0.0222989014363333,-0.0189600123001041,0.0779933960837617,-0.0429227528339174,0.0789093444754923,0.239073738042343,0.092714960304009,0.13172164613163,-0.00921334988176593,0.0922927970657916,-0.192439583081904,0.0555187934343476,0.0450914084066186,0.223512865403012,-0.0983935238502349,-0.0514738677499292,0.160542539911496,0.00629170828152536,-0.115216181485741,0.0648488389900064,-0.019500915729504,0.069955630559113,0.127881875369076,-0.22119023923725,-0.0698732221014975,-0.107200678958531,-0.122103778187947,0.138841874805774,0.320894799295159,-0.0121772709674302,-0.090629203571122,0.0442327650093051,0.0535101989142146,0.213603988298833,0.0392038830260395
"13",-0.130389384078772,-0.20390553617107,-0.19972807944668,-0.130022732901232,-0.0494275149084915,-0.163591459954165,-0.0733961913074955,-0.0306738706750958,0.124525287885198,0.125547943203012,-0.0328044767367241,-0.0129740205760465,1,0.198464844503467,-0.108110861794592,-0.00288186168290194,0.325770503318719,-0.0700105569209873,0.0454169010862651,-0.0505504966752272,-0.179009573643484,0.0169500173825471,-0.0468615666725155,-0.217372066646658,-0.119932138940943,-0.10992928914131,-0.0740977790030954,0.0776006830043502,-0.106725972555528,0.194084553758106,0.117231796028906,0.053662751873627,0.139629119443439,-0.0184487373839649,0.104348986811847,0.137763420617039,0.00894471972642863,-0.00805943460329146,-0.178647804661164,-0.137643887102574,-0.132035042931806,-0.0169697844923785,-0.00932386148306367,-0.100378095683097,-0.02732068339536,-0.00029187875235143,-0.0518080345069428,-0.0992767393477207,0.516300182151237,-0.0544552380240271,-0.0634813583371731,-0.153115673087553,-0.143735231006397,0.0699992117140209,0.0174257943475791,-0.00399553412762416,-0.124894793474813,-0.115516658626922
"14",-0.18790014402427,-0.0924688838061105,0.0410315492570191,0.1442119530726,0.0220532402036622,-0.204833384743553,0.13683387168645,0.018182051015487,0.140406395892387,0.140519407725114,-0.0640683200445718,-0.0788789682715023,0.198464844503467,1,-0.213396341113548,-0.0575905210329957,0.0992057146772081,0.369059994461782,0.231358828918186,0.0893945337216418,0.0460302318606315,0.00448149570936647,0.118622501975977,0.0435171055255684,-0.00243321065853584,-0.223950101980488,-0.117402770988905,-0.00068688897652665,0.135697130508733,0.134210520540187,0.15088217381218,0.126173526683964,0.0186598155408747,-0.0422261573692998,-0.0538439592507282,-0.133704819797279,0.019720593301877,-0.0942088209343139,0.0755685477581888,0.105348404108241,-0.0723871907697324,0.179738235976986,-0.0526332628570697,-0.0391640962595222,0.0606946077029213,0.0910223727344257,0.0814716067126753,0.0157146027047564,0.0436929325636932,0.511413693323028,-0.200407799473302,-0.127517590633959,-0.0235554335424317,0.158894800864785,-0.108792779959468,0.0608789294434671,-0.0112748158828782,-0.251076481617659
"15",0.161502536022437,0.126893423735774,0.139051084113247,0.0193137384157023,0.114614584162472,-0.050302266757254,-0.074989075391211,-0.0935474765908715,-0.0531402495508139,0.0946390312414988,0.0783319940022064,0.0573989386243918,-0.108110861794592,-0.213396341113548,1,0.0682415678569316,-0.129523985054946,-0.131947081370624,-0.218796726230647,0.0253259647751831,0.0528818817385385,-0.187617364690234,-0.100451813425917,0.0372710466929247,-0.0496425589014114,0.207086816199561,0.0702548723915369,-0.055937931553916,-0.0172568065493413,-0.240595250321391,-0.134183076180468,-0.0224986501241021,-0.227664623152619,0.150904598545479,0.0477847920132431,-0.140106287693386,0.204486474592992,-0.0246214107166595,-0.0103236614989549,0.099767302877668,-0.049270433791727,-0.0458069349725942,0.00038637090345618,0.185563075513464,-0.0797597594165875,-0.0626665127537617,-0.106023841202553,-0.211011339892826,-0.0905335822632737,-0.130094205014302,0.294796036343681,0.229079200364155,0.0657718454566136,-0.183655113284326,0.176323155191605,-0.0222090541749215,0.0174484448555615,0.226224335988128
"16",0.113557861800581,0.0536254285300919,-0.0300499759249577,0.0605357676400895,0.0250798329275687,-0.144386045972203,0.12195267358018,0.164232534264099,0.0134559892667509,0.0963508680705379,0.159979292012334,0.241864298157124,-0.00288186168290194,-0.0575905210329957,0.0682415678569316,1,-0.00876172118130568,-0.0846547934325087,-0.0470405197039366,0.0172465388621732,0.116495484795798,-0.0129174278495572,0.217321029106357,0.0599169780389457,-0.0325492055364153,-0.0133568375334962,-0.0438831064862599,-0.0190307444653848,0.120733630692367,-0.0968316518678538,0.101342183414662,0.0605041663187042,-0.108427720283123,-0.0275200742748806,0.0218136781974188,0.0490491338183267,0.0659446195083511,0.0879148190578057,0.171202037387211,0.123768792182977,-0.0218455250094386,-0.0952673340838042,0.030332997868183,0.0179423783700892,-0.0721050272902852,0.104751148212069,-0.11701153392723,-0.0839362581242178,0.0519503217688396,-0.0750644632174333,0.149465382747198,0.24055054101206,0.0508730211667892,0.161434754512253,-0.0302488890169722,-0.0649667021722415,0.0463738323166704,-0.0271606082006773
"17",-0.165665433223527,-0.0362097360377883,-0.0892545443581315,0.0217830010781505,0.179698476490004,0.12207030811026,0.0202924269705877,0.122646006558215,-0.14071330989627,-0.0785480819609712,0.0406494423209968,-0.142669176202615,0.325770503318719,0.0992057146772082,-0.129523985054946,-0.00876172118130568,1,0.152762128831237,0.181525970179211,0.181743768225876,-0.0690550855021967,-0.207001454234607,0.0635830729435995,-0.0564276204728451,-0.102916400150316,0.0408202674400504,0.113848180731185,0.177259336245815,0.132922120952983,0.253833940357895,0.277168837827505,0.306650533956773,0.216624166255891,0.191280587578138,-0.101102278105516,0.125341071186614,-0.00783890223965148,0.212350921149883,0.212497477387576,0.00596032933473034,0.172597550988485,0.106662965279784,0.0400067958445292,0.0784790134658583,-0.0488546304731109,0.0120125287107098,0.0807299998927094,0.0809208407064472,0.372216355119485,0.0712075002905632,0.0247425648483632,0.00246474451734314,-0.0290838288760163,0.222603690311757,0.0284288709543357,0.181494860372858,-0.109613979523438,0.111428494362774
"18",-0.291535878955971,-0.119724223704634,0.0163024065671678,-0.0544701600920561,-0.0650700981937325,0.0653696560579377,0.132193512759624,0.0683703642732521,-0.15070526834571,-0.057527995965715,-0.0219924603366951,0.0334444145574948,-0.0700105569209873,0.369059994461782,-0.131947081370624,-0.0846547934325087,0.152762128831237,1,0.163823971910549,0.169184339911056,-0.0204026546336762,-0.141709559291496,0.155701896967294,0.208711465865377,0.0402825219117526,-0.219314681386972,-0.0833168431024392,0.0541216115191404,0.262019587759855,0.207966236029277,0.123952282559209,0.310241287932555,0.191490907895979,-0.0511185020991316,0.0696816440582682,0.112360453112292,0.0820557534742229,-0.129298292922787,0.00907839594687256,0.238627062422241,-0.113663465441864,0.0899609022812615,-0.0523440657812696,-0.145708425614213,-0.0157858571781677,0.0440255025070239,-0.0465689870193045,0.0886044918028203,-0.197577897641136,0.339239572123009,-0.150139155731846,0.0127455241702634,0.0707556193557585,0.24484262388916,-0.0310165352895614,-0.00271985060897449,0.118076282057656,-0.00560050894610568
"19",-0.302375854484063,-0.287994653650261,0.027044731367293,0.0536950491521254,0.0183739980367884,0.065821051685344,0.314546179551873,0.170882643806463,-0.115139105207889,-0.0267156141280702,0.126654492064538,0.0401315782316703,0.0454169010862651,0.231358828918186,-0.218796726230647,-0.0470405197039366,0.181525970179211,0.163823971910549,1,0.46164382487358,0.183614385486202,-0.039236376116203,0.224943579248169,0.27028214219954,0.129381800009881,-0.283590158155908,0.117427932187599,0.254371313690627,0.137644985757068,0.386679713619612,0.71397085986382,0.567131031259843,0.172476942815743,0.117314328383686,-0.14375451417126,-0.0423492165611683,0.0150777036129379,-0.023030280359326,0.0728747301646603,0.208740629277699,-0.0232874610776111,0.0158052573311579,0.0401918428352747,0.0438721502995523,0.240442346389861,0.005027848419094,0.169170262353795,0.0661074765249258,0.0138132175702485,0.022288932497948,-0.23907390369977,-0.0904048547924324,0.109458159116759,0.256937896591522,0.0792658595001286,0.0872864568731292,0.14047950115525,0.162906170059135
"20",-0.28152417645395,-0.0849093695294128,0.0114679007346316,0.0962165982115631,0.0269153156262237,0.0696884015978532,0.276590065148594,-0.0591652009914568,0.0352839665652404,-0.0241672079897772,0.0354384298007607,-0.0187676252092435,-0.0505504966752272,0.0893945337216418,0.0253259647751831,0.0172465388621732,0.181743768225876,0.169184339911056,0.46164382487358,1,0.239408908525091,0.138072249674128,0.0756786396344157,0.0578907149387682,-0.14356842063439,-0.196056766931135,0.100292539405241,0.232672822306064,0.231941116584163,0.295750123127013,0.389741259413464,0.581572123941637,0.101127912078832,0.251327978438319,-0.179627360966149,-0.171053404638824,0.0409055567092216,0.0040472189256049,0.117510974505814,0.21063452707026,-0.00869617358873071,-0.158631914407738,0.170101313128533,-0.0480088506035774,0.0952503003521311,0.0791778283290668,0.0580078698009721,-0.0420153790290094,0.0353746704196452,-0.0947017569410855,-0.143836959911485,-0.0797168782924926,0.0911038467951808,0.225116953503337,0.0499292310305722,0.0407313515728776,0.216527867350064,0.150232542659504
"21",0.117362671245626,0.0288203758478897,0.301563787279843,0.187254590327521,0.0679387496745381,-0.0942669169746166,0.223583700902244,0.177393813455354,0.2299176347611,0.143695391915251,0.147884361920806,0.191143327037646,-0.179009573643484,0.0460302318606315,0.0528818817385385,0.116495484795798,-0.0690550855021967,-0.0204026546336762,0.183614385486202,0.239408908525091,1,0.184687779303745,0.131720246262111,0.123776224092987,0.20783473381701,0.0937191368869113,0.207745851432263,0.100973776604078,0.00931615187860327,0.204668084371108,0.261314219364137,0.173105569569746,0.0538474893415776,-0.137640729319136,0.00403677750554795,0.0206008370306791,0.259392360094084,0.0174032131346742,0.0886083876963672,0.131363734325162,0.0584628703805622,0.0189999626214808,0.0474025037389382,0.111054701561526,0.161766801545693,0.188735019387115,0.0906008380803317,-0.178825830542607,0.00495575898682178,0.0479910653744184,0.0070855385079514,0.0673243834066743,0.0381449670810419,0.187269501509553,0.0481138254122966,0.131318168119993,-0.0483764291881983,-0.0663624796369059
"22",-0.0949551292837872,0.0989659637849415,0.0355451589296072,0.093509741058536,-0.131002231212037,-0.113137662975202,0.104476325340568,-0.0959853546360838,0.122093703694903,0.040289458613079,-0.127631114351334,-0.0163543506219551,0.0169500173825471,0.00448149570936647,-0.187617364690234,-0.0129174278495572,-0.207001454234607,-0.141709559291496,-0.039236376116203,0.138072249674128,0.184687779303745,1,-0.0671814729071191,-0.102878472323763,0.0850814896983507,-0.0958490332633958,0.120869308519634,-0.105190332801482,0.0104277788866262,0.0544168777335379,0.0488822650265453,0.0930209055667291,-0.0203282204550925,0.00399669637250116,0.0185127785312471,-0.089768571399096,0.0100760736799364,-0.0711889833660614,-0.0377691590326806,0.0296171884721407,-0.0488523896491276,-0.0786625793704714,0.0495157317463231,0.0208910175377059,0.0784522953978313,0.121210667325416,0.16759573355508,0.0268406487285471,-0.044302958060167,0.00064006988925245,-0.132970529451517,-0.213911726234058,0.0456359471106075,0.0208941203297,-0.134878390649696,0.0361077118588796,-0.0308014267755878,-0.151797914469821
"23",0.0100796838289188,0.0314792096698699,-0.0979114948690799,-0.0722355607847536,-0.0106627716673221,0.0797122471912906,0.272962254841142,0.309377980671212,0.0696397484448936,0.162664314338885,-0.0447601453553235,0.0361332283623831,-0.0468615666725155,0.118622501975977,-0.100451813425917,0.217321029106357,0.0635830729435995,0.155701896967294,0.224943579248169,0.0756786396344157,0.131720246262111,-0.0671814729071191,1,0.448950700655811,-0.0569031383056738,-0.186426603820219,0.0712523595936577,0.120161135537401,0.150272718448605,0.0927765586568558,0.267197268952665,0.16797630701039,0.131427294721014,-0.0244643849740476,0.173512604585451,0.0871228775396078,0.0406381746627679,0.0731179793066712,0.150697337931004,0.257923716616277,0.16255276100135,0.175438144713677,0.0995297440119896,0.230581548532221,0.328784866800576,0.177920519625774,-0.0291533999701439,-0.0567779730676567,0.199179267596161,0.170321743195844,0.0855878471735513,0.127066940844494,0.104420789361259,0.0591466415108528,0.0436508880805353,0.029763855323749,0.246470232424679,0.128603494624774
"24",-0.0418923899934364,-0.0106649701866428,0.0332297565813382,-0.0111095140427236,0.104214369681707,0.0619284696613568,0.249495077356403,0.228047407399675,0.0390711602624657,-0.0153677232277419,0.0532019215308466,0.0222989014363333,-0.217372066646658,0.0435171055255684,0.0372710466929247,0.0599169780389457,-0.056427620472845,0.208711465865377,0.27028214219954,0.0578907149387682,0.123776224092987,-0.102878472323763,0.448950700655811,1,0.0353954126964045,-0.146348600529835,0.0505918889707378,-0.00614755497301009,0.16078687351694,0.21693349668458,0.187229376696238,0.19401051495243,-0.137017061128955,-0.139367692812228,0.0686779861970346,0.0310496300189227,0.141027324780783,0.0460541077081047,-0.00548183355181719,-0.0201566954177924,-0.0565989801541299,0.0836308151879207,-0.0832002976863127,0.15703845876722,0.189275665260636,0.00973902445227192,0.0523839232861901,-0.0455968538699394,-0.166795386675288,0.198594105743053,0.0183422490288397,0.110322539186202,0.180413230960085,0.0197284130061994,0.182600640974906,0.0663151334313527,0.0909946202819461,0.0960843126599883
"25",0.0255675875259871,-0.149455596479133,0.0889940323134625,0.080174399885744,0.0180257077263539,-0.0710353313467259,0.106382296230948,0.331934394865537,0.0364315038173869,-0.0998071918104487,0.161074590474599,-0.0189600123001041,-0.119932138940943,-0.00243321065853584,-0.0496425589014114,-0.0325492055364153,-0.102916400150316,0.0402825219117526,0.129381800009881,-0.14356842063439,0.20783473381701,0.0850814896983507,-0.0569031383056738,0.0353954126964045,1,0.288245547376226,0.111068051169327,-0.107249098342888,-0.089972913335198,0.0371686590642078,0.102200205351804,-0.0311269657469746,-0.00580676588902749,-0.161090859120761,0.0805918681133112,0.145855533212949,-0.0209945566171604,0.196890200522369,-0.0158568759811971,0.0304980906420422,0.209790702715664,0.340120681409437,0.0524901050418525,0.130051661708398,0.173510672616135,-0.114881777395927,0.266724755500239,0.107573652612566,0.00798718299335213,0.267808077994874,-0.0636013245284898,-0.151238821972624,0.0350710778565221,0.0322829973885594,-0.0143700802905333,0.149616506106739,-0.132218195161789,0.0863270490387315
"26",0.259415780797414,0.137158002043737,0.248590360374082,0.105772597624812,0.253701931078921,-0.0492323735160699,-0.0361982762357838,0.0605698484248525,0.0561343494831073,-0.14052537071222,0.165825283757878,0.0779933960837617,-0.10992928914131,-0.223950101980488,0.207086816199561,-0.0133568375334962,0.0408202674400504,-0.219314681386972,-0.283590158155908,-0.196056766931135,0.0937191368869113,-0.0958490332633958,-0.186426603820219,-0.146348600529835,0.288245547376226,1,0.00734102072727477,0.00425552773303041,-0.0899928967989081,-0.130182249467337,-0.129718971392885,-0.227210776368108,-0.210445179476726,-0.0916068612231585,0.162023886730012,0.0882713614882498,0.243129721052584,0.252818776505949,-0.136562081948103,-0.0644046316279023,0.315528712622933,0.217091750437359,0.243045129611998,0.206599933196191,0.0186039040720858,0.0786531377091005,0.0945269568581548,0.00348487305732104,0.0675906162246897,-0.0867498928089599,0.0228105432787629,-0.0112630078467884,-0.0928945621125354,-0.126201249723033,0.18537170904435,0.273618874783899,-0.0706335959076534,-0.00054301281532749
"27",-0.0322263374363775,0.0541433055711927,0.045472085642966,-0.0203516828511036,-0.0776052818167655,0.0144552992773414,0.0205175237336291,0.153320379221692,0.0322827880377657,-0.0665144376035419,0.234332847510622,-0.0429227528339174,-0.0740977790030954,-0.117402770988905,0.0702548723915369,-0.0438831064862599,0.113848180731185,-0.0833168431024392,0.117427932187599,0.100292539405241,0.207745851432263,0.120869308519634,0.0712523595936577,0.0505918889707378,0.111068051169327,0.00734102072727477,1,0.185716168108489,0.00533954606626741,0.197816404568857,0.224029052852132,0.0621445535609268,0.112820523680303,-0.0661880614576962,-0.0159772878283777,0.041582611271649,0.00579839715762112,-0.0392024133560425,0.162117571510401,0.100200013458719,0.0768777392085722,-0.0384290429315597,0.142125604229888,0.0556992209563995,0.103467341767396,0.20107661616143,0.172478367151177,-0.0181273400540025,0.0971973664215482,0.0384972629022713,-0.166852322100816,0.0465364716272343,0.0930805118891322,-0.0146442585641807,-0.0119523453784312,-0.00186860619249032,-0.0056815364198378,0.186474952323496
"28",-0.113047374874603,-0.122973179548708,-0.0131901509708417,0.272355286265982,-0.0339339782453022,-0.0216857128512928,0.196794748736879,-0.0644868349938629,0.0271065372209733,-0.00752166148466418,0.0602243765746831,0.0789093444754923,0.0776006830043502,-0.00068688897652665,-0.055937931553916,-0.0190307444653848,0.177259336245815,0.0541216115191404,0.254371313690627,0.232672822306064,0.100973776604078,-0.105190332801482,0.120161135537401,-0.00614755497301009,-0.107249098342888,0.00425552773303041,0.185716168108489,1,0.120527731586011,0.269986180773729,0.181365195744787,0.190152600794156,0.0677149602025444,0.151439337878763,-0.0755464661506307,-0.102617440909534,0.0471924924743899,0.0410652780951994,0.0193753277264799,-0.0310131255916014,-0.00632240331866563,0.00062558674039637,0.0708672829064478,0.0492419478786565,0.162431681707129,-0.0526103302553232,0.0278261296757682,0.054990631215272,0.139439328569936,-0.0926485903801299,-0.218729618884577,-0.0641872909339568,-0.00929895684886867,0.130264615298937,0.0348342880940815,0.0643511494718133,0.207015898519466,0.0483584975335538
"29",0.0244932792050346,0.152225753978042,0.0913082230211836,-0.049766572489852,0.125926081269125,0.0476054102278011,0.0899132751975336,0.188162276751994,0.0280647436992072,0.0050558717455762,0.0730252443498713,0.239073738042343,-0.106725972555528,0.135697130508733,-0.0172568065493413,0.120733630692367,0.132922120952983,0.262019587759855,0.137644985757068,0.231941116584163,0.00931615187860327,0.0104277788866262,0.150272718448605,0.16078687351694,-0.089972913335198,-0.0899928967989081,0.00533954606626741,0.120527731586011,1,0.183861312552256,0.240111429066807,0.177516401836057,0.0824656655754297,-0.0359187006890532,-0.0382756879290655,-0.0420744679463538,0.185836973963152,-0.00227368828061323,0.0840128256197787,0.0978461740018265,-0.0493344168332142,-0.0600483148016077,0.0807459338942015,0.0270904973259286,0.127801128181625,0.222911718621057,-0.0592011552077976,-0.0284483720656874,-0.163023090373191,0.100789153702078,-0.0531258258018954,0.0481740930451649,0.179319348096743,0.187004577434028,0.0580169609364844,0.099214445784158,0.131932045085542,0.0977683801477422
"30",-0.194599703275097,-0.112245200651279,0.00065067424894146,0.0801047995817119,-0.0611739135665086,0.0111443318113571,0.245263893473716,0.0227042781321559,0.104456064126521,0.0734834864256532,0.0799002515234138,0.092714960304009,0.194084553758106,0.134210520540187,-0.240595250321391,-0.0968316518678538,0.253833940357894,0.207966236029277,0.386679713619612,0.295750123127013,0.204668084371108,0.0544168777335379,0.0927765586568558,0.21693349668458,0.0371686590642078,-0.130182249467337,0.197816404568857,0.269986180773729,0.183861312552256,1,0.340580701285329,0.367626441437727,0.183743611039206,0.112097372810875,0.0573929525099493,0.0596239380564437,0.151310485725178,-0.0223079260741368,0.0562136097633623,0.0426766268413788,-0.0715163953577503,-0.101075702330478,0.167125642943623,-0.088416653003727,0.184180330995176,0.204987992592773,-0.0119642508571913,0.0481954250858061,0.182352693648242,0.0954319318524355,-0.191351743849239,0.0650132969900782,0.0718402936462782,0.308305662635696,0.142837787161228,0.0920487963880969,0.0399061881850477,-0.13471897362179
"31",-0.20229849697659,-0.196468739420717,0.0857540725071384,-0.041711755232099,0.0763033487257246,0.022254064384573,0.329666147233232,0.293625906335897,0.0162176773771345,-0.0564764175459473,0.214829717735804,0.13172164613163,0.117231796028906,0.15088217381218,-0.134183076180468,0.101342183414662,0.277168837827505,0.123952282559209,0.71397085986382,0.389741259413464,0.261314219364137,0.0488822650265453,0.267197268952665,0.187229376696238,0.102200205351803,-0.129718971392885,0.224029052852132,0.181365195744787,0.240111429066807,0.340580701285329,1,0.562830484225285,0.23527142603248,0.0616839411640481,-0.0607547775278643,0.012409231651107,0.103754083635921,0.0044724666516854,0.217728861565274,0.290262904233381,0.0129865192849983,0.0378449285475012,0.117402589838171,0.015990961037306,0.19593707941263,0.113270461916582,0.107625177646645,-0.102991681013791,0.086254332946876,0.0561055443930147,-0.103689097696261,0.0966143760605309,-0.00331603583290802,0.284428593306445,0.06886316123622,0.0859701700311265,0.203686019763147,0.265944731770831
"32",-0.370783830808056,-0.178930799403592,-0.00784778392546128,-0.0307204001734394,0.0813566723597503,0.0657125673232903,0.288001281729814,0.0222905662683781,-0.129704969014276,0.0274486593901839,-0.0480829407440313,-0.00921334988176593,0.053662751873627,0.126173526683964,-0.0224986501241021,0.0605041663187042,0.306650533956773,0.310241287932555,0.567131031259843,0.581572123941637,0.173105569569746,0.0930209055667291,0.16797630701039,0.19401051495243,-0.0311269657469746,-0.227210776368108,0.0621445535609268,0.190152600794156,0.177516401836057,0.367626441437727,0.562830484225285,1,0.09897967285523,0.205662040371852,-0.0790379956857621,-0.057760171051039,0.0921392856020394,0.0621093883023862,0.152345679834957,0.167302675433049,0.0424968552069577,-0.064174126941064,0.0005910276565685,0.0675763945913352,0.112697130075245,0.0568874799236885,0.101709067103856,0.0736417916827816,0.0790233455648728,-0.0260154180409219,-0.0323548221165393,-0.00283179109077343,0.132902298209675,0.295243075307061,0.0411321251358145,0.0442825382341627,0.108817009247684,0.13597945358998
"33",-0.112927112554109,0.0155467650246852,-0.205549686652362,-0.29426526590565,-0.231691207038492,0.0496911085102513,-0.14678784482818,0.144721279693361,-0.0565937860778003,0.0602629827940883,-0.0465501563736936,0.0922927970657916,0.139629119443439,0.0186598155408747,-0.227664623152619,-0.108427720283123,0.216624166255891,0.191490907895979,0.172476942815743,0.101127912078832,0.0538474893415776,-0.0203282204550925,0.131427294721014,-0.137017061128955,-0.00580676588902749,-0.210445179476726,0.112820523680303,0.0677149602025444,0.0824656655754297,0.183743611039206,0.23527142603248,0.09897967285523,1,0.0838919042685296,-0.0535653287031047,0.0643029965834617,0.0243012430005755,0.0599902824851734,0.136971478287027,-0.0166619916575092,0.0765147540216928,-0.00908340164487412,0.172354056423631,-0.162777060529377,-0.106257417551894,-0.0908480298934963,-0.0364054279714796,0.0318624801940684,0.185206369948564,-0.0133446471710826,-0.036143691405855,-0.00155497888962572,-0.0816252945906916,0.011847609273227,-0.0374624916089788,-0.0616719954025491,-0.00888024009126457,0.183991569339943
"34",0.0145049197571976,0.155895655145701,0.011327632325621,-0.012521403937982,-0.114750879017721,0.0112529445971955,0.00111349397630002,-0.151530428529039,-0.136344288886029,0.140705079974436,-0.0234251665432131,-0.192439583081904,-0.0184487373839649,-0.0422261573692998,0.150904598545479,-0.0275200742748806,0.191280587578138,-0.0511185020991316,0.117314328383686,0.251327978438319,-0.137640729319136,0.00399669637250116,-0.0244643849740476,-0.139367692812228,-0.161090859120761,-0.0916068612231585,-0.0661880614576962,0.151439337878763,-0.0359187006890532,0.112097372810875,0.0616839411640481,0.205662040371852,0.0838919042685296,1,-0.0766802099948021,-0.18442338836397,-0.0453945462633465,0.0947899955068068,0.217927382493674,0.296023555531552,-0.0435305956384816,-0.0995635029114035,0.0445761697848004,-0.0104268100624914,-0.150034487133332,-0.191860445147011,-0.1050293818729,-0.0675123993250069,0.0651493973348393,-0.0286887819633541,0.0628919433110041,-0.0165281606405926,0.0705374474184204,0.186355325102737,0.0238385710277838,0.00015073519778536,0.203388487206407,0.11817039585193
"35",0.180058843882842,0.126721293149539,-0.0744576294766398,-0.193554654824451,-0.056294309543863,-0.111857151633645,0.183770653091939,0.193063105690994,0.0926365467601806,0.0164029960462309,0.145391475957581,0.0555187934343476,0.104348986811847,-0.0538439592507282,0.0477847920132431,0.0218136781974188,-0.101102278105516,0.0696816440582682,-0.14375451417126,-0.179627360966149,0.00403677750554795,0.0185127785312471,0.173512604585451,0.0686779861970346,0.0805918681133112,0.162023886730012,-0.0159772878283777,-0.0755464661506307,-0.0382756879290655,0.0573929525099493,-0.0607547775278643,-0.0790379956857621,-0.0535653287031047,-0.0766802099948021,1,0.20564992037721,0.250515823753988,0.035976577829468,0.101741248146475,0.184888315427977,0.130297535054076,0.232353299399426,0.079807220275825,0.0480851225521654,0.327006868388144,0.205433592479627,-0.112430195047409,-0.0191318544725043,0.126416462620305,0.164683991093616,0.218526252222796,0.311378542698819,-0.164038055266708,0.105459137397834,-0.119632039850459,-0.0776953274228055,0.0937460554462384,-0.069476855272962
