"","l_Insular.Cortex","r_Insular.Cortex","l_Amygdal.Area","r_Amygdal.Area","l_Bed.Nucleus.of.the.Stria.Terminalis","r_Bed.Nucleus.of.the.Stria.Terminalis","l_Hippocampus","r_Hippocampus","l_Orbitofrontal.cortex","r_Orbitofrontal.cortex","l_Entorhinal.Cortex","r_Entorhinal.Cortex","l_Frontal.Association.Cortex","r_Frontal.Association.Cortex","l_Globus.Pallidus","r_Globus.Pallidus","l_Glomerular.Layer.of.the.Accessory.Olfactory.Bulb","r_Glomerular.Layer.of.the.Accessory.Olfactory.Bulb","l_Glomerular.Layer.of.the.Olfactory.Bulb","r_Glomerular.Layer.of.the.Olfactory.Bulb","l_Granule.Cell.Level.of.the.Cerebellum","r_Granule.Cell.Level.of.the.Cerebellum","l_Hypothalamic.Region","r_Hypothalamic.Region","l_Entorhinal.Cortex","r_Entorhinal.Cortex","l_Vermix.Molecular.Layer.of.the.Cerebellum","r_Vermix.Molecular.Layer.of.the.Cerebellum","l_Lateral.Molecular.Layer.of.the.Cerebellum","r_Lateral.Molecular.Layer.of.the.Cerebellum","l_Anterior.Olfactory.Bulb","r_Anterior.Olfactory.Bulb","l_Posterior.Olfactory.Bulb","r_Posterior.Olfactory.Bulb","l_Subiculum","r_Subiculum","l_Perirhinal.Area","r_Perirhinal.Area","l_PreLimbic.System","r_PreLimbic.System","l_Primary.Cingular.Cortex","r_Primary.Cingular.Cortex","l_Primary.Motor.Cortex","r_Primary.Motor.Cortex","l_Retrosplenial.Cortex","r_Retrosplenial.Cortex","l_Secondary.Cingular.Cortex","r_Secondary.Cingular.Cortex","l_Secondary.Motor.Cortex","r_Secondary.Motor.Cortex","l_Striatum","r_Striatum","l_Ventral.Tegmental.Area","r_Ventral.Tegmental.Area","l_Substantia.Nigra","r_Substantia.Nigra","l_Thalamus","r_Thalamus"
"1",1,-0.0358432023790548,0.0909224808519216,-0.0871875558305478,-0.13595388335111,-0.191765520458105,-0.0443637634552003,0.0303593145076849,0.15517307824524,-0.112482475653445,0.0490435858281438,-0.171128406321437,-0.0749573942166775,-0.0093768151760653,-0.0108790326110889,0.0566025280401614,0.0600287797764697,-0.00808288990327806,-0.00159565158364027,-0.0886990657915529,-0.00765226729833948,0.0239669197753932,-0.0431922496032,0.0910035243334571,-0.0234497578971522,-0.00708435480084744,-0.0363198590060472,-0.210581993233395,-0.172786085704652,0.131308833969481,0.123472416851322,0.0403452757112897,-0.0664634984634694,-0.0593793844363206,-0.0253984073717326,0.187132855844467,0.10857024470158,-0.103721063084529,0.275756238725959,0.343953503810135,-0.105369414428153,-0.186524278798371,0.0739980921225893,0.0439338058110792,0.0691080253665113,0.0641999413454942,0.115968092783783,-0.0385422081791961,-0.109192964986218,-0.0972585976919838,-0.0452830618642658,-0.0800282193786233,-0.0130171357408451,-0.118326492520419,0.19811217196629,0.0752190203662314,-0.02808277364833,-0.0671681086295546
"2",-0.0358432023790548,1,-0.060288430509283,0.0957310496056047,-0.03589486782584,-0.0946766978982978,-0.082209171744536,0.146208061042348,0.0764795541960351,-0.00662692281272792,0.108088338283413,-0.105084325967313,0.0665374162162298,0.0754684049266867,0.0104380611359783,-0.0676499843686271,0.0491436750688191,0.0501941853951308,-0.169302022365288,-0.181031596167065,0.105768432914602,0.205644723250336,-0.182568113787078,-0.0982300974955831,0.0219873028878027,-0.111384960472631,0.0370352261071494,0.176177378527968,-0.0297726866959237,0.0933008345979356,0.0505259735768308,-0.238135946887809,0.0810952117370587,-0.0849908979113543,0.0425702018699751,0.0276368926863383,-0.00363458749309326,-0.152739430942267,0.0896339479044847,-0.0325955687991472,0.0563844610692968,-0.111639962637919,-0.203488070809426,0.0597107561871271,-0.186767809957855,0.0865920252857164,0.147222849465203,-0.0330170525870655,0.0464041888029756,0.115861778031021,0.0938373112012301,0.0100509148584317,-0.00429110707265365,0.011550123855844,-0.182899719443293,0.0737816365513063,-0.00327761149752353,0.127678669334408
"3",0.0909224808519216,-0.060288430509283,1,0.0677355656601969,-0.186596931034026,0.0418733880099372,-0.0979112203066086,-0.0946106334580142,0.028348514447175,0.0910198130038547,0.0959561075640726,0.0797621032836148,0.0009036885195156,-0.145779495737478,-0.0583238180811571,0.0240765617832865,-0.0264950707672903,-0.141129241782273,-0.0529695776506136,-0.0262323495820591,0.0252277484471103,-0.0140450372279162,0.0653659240335535,-0.0884546985245903,0.203822764173206,0.141689755466597,0.0490697799710596,-0.041265095198272,0.052953882966287,0.0913639433875864,-0.0259847344646202,-0.0480404712573328,-0.0593481017387974,0.00383504187715173,0.141225992336585,0.141472255757332,0.0452580896990932,-0.0315019825069147,-0.137522369899462,-0.0145549551460248,0.0850378324534051,-0.0684329731046547,0.234205136584666,-0.0455347847487221,-0.100577754413642,-0.230906508126196,0.00286771561202893,-0.0179474125212228,0.0119567002693985,-0.198690527053781,0.0397742332145386,-0.03462138573318,-0.104247490512251,-0.0819221494006808,0.0954922867157302,-0.0410604646001119,0.186065504250324,-0.0862716170637412
"4",-0.0871875558305478,0.0957310496056047,0.0677355656601969,1,0.0089969051554185,0.167271708836678,0.0436765094555554,-0.0457531257444476,0.049316841217139,0.139888814886581,-0.141095100148114,0.0690352897440435,-0.070223657157792,0.157215853613801,0.081662023840068,-0.0589355564392312,-0.0387259725221882,-0.0111096544950358,0.115626948091359,0.0320483657541428,0.0125139033853695,-0.0139690145522027,-0.117497549950069,0.00571380062760886,-0.0629954686400031,0.078112788180356,0.0759888432628585,-0.0510751274893354,0.203525266081911,-0.0198859251165254,-0.0592962708673787,-0.0355227531737394,0.241027913131395,0.0591265740662247,0.142959298672903,-0.177338359746631,-0.0839691599302957,-0.0606258070996179,0.0378480383331167,-0.0862654991118958,-0.0547556657355983,0.147347320199283,0.00212144348652717,0.0787178773135526,0.0525331371657951,-0.0632701878916908,0.0620071094307427,-0.00276640962259625,-0.0677155682330953,0.136555239983778,0.0217889538268093,0.00147661057708931,-0.0430359375864032,0.209234669956372,0.029385441913671,0.155601698704797,0.0606024593417119,0.12491698337434
"5",-0.13595388335111,-0.03589486782584,-0.186596931034026,0.0089969051554185,1,-0.0488400751293024,-0.0745700089066404,-0.0930462489058976,0.0517337703884878,-0.244583947035217,0.0169619997502912,-0.033682639988435,-0.0503650695629373,0.015388014614353,0.159645141883174,0.0164878779378783,-0.0402320503281642,0.0132666721010658,0.0592400699225555,0.141414074430243,0.148038488659521,-0.107065454973131,0.0726596748929682,0.0846191249021839,-0.0422364840089819,-0.0253753150034854,-0.308605323924714,-0.0808495250301499,0.238978262373195,-0.0800549151027346,-0.153401135246803,0.0822400988208132,0.120416874718208,-0.034246028749914,-0.246133825133161,-0.13702134809283,0.0784578145499652,-0.0325473035812011,0.0912490557245163,0.00736079816455814,0.00293174502176762,0.191817061142258,-0.100998275443168,0.0760433320452062,0.0878373275652404,-0.216454780506332,-0.0553515733980415,0.0489352321600846,0.152788585160174,0.00380886881724136,0.131039675444747,-0.0926242251513878,-0.093299116080425,-0.0234908289420055,-0.187681815364961,-0.147374542223719,0.0713182014318935,-0.0565414161236897
"6",-0.191765520458105,-0.0946766978982978,0.0418733880099372,0.167271708836678,-0.0488400751293024,1,0.119876519147418,-0.143324842078882,-0.150707693888977,0.12823791539114,0.0327358199837698,-0.0522151371354182,-0.0312498668084336,0.00596563332963978,-0.091370289645639,-0.085215566344208,0.0285451535168091,-0.115351504565265,0.0286103634010612,-0.108779058921201,5.30467095669373e-05,0.0366580557846455,0.10971486005896,-0.218709240481143,-0.0330208099961585,-0.0744513590786835,-0.0356983540369406,0.0346186684585121,0.19770060614708,-0.0525000118279648,-0.190107307956357,-0.1017076135892,-0.017626906014446,0.0211872253944695,0.120551642013365,-0.0831609833604399,-0.195739199393018,0.159658729572705,-0.164325006344099,-0.337259844477085,0.0923318024069945,-0.125777127991376,0.151696922888861,0.0278825172298426,-0.0584551553123881,0.128273481172349,0.00482517011231031,-0.0916608286940126,0.203444919402524,-0.0190897491057976,-0.0686576142932162,0.049164465974017,-0.155443198646283,-0.0324749014644443,-0.0442395884287016,0.0443769201181231,0.0615800728204815,0.0861222196255737
"7",-0.0443637634552003,-0.082209171744536,-0.0979112203066086,0.0436765094555554,-0.0745700089066404,0.119876519147418,1,-0.0535353928002584,0.166226166943726,0.110976438510448,0.204927409985077,-0.267990911817729,0.236693865085163,0.10039161010324,0.110539259664463,-0.189301415404259,0.0607832554716516,0.069661137997624,0.0601419163088165,0.138557148253587,-0.119037562674601,0.0392224098397836,-0.0649282498033764,0.0505299672540458,-0.0338228605999762,0.0450470765891557,-0.0479569413597553,-0.108117033486184,0.106686754609053,0.156723159155332,-0.0793064985356647,-0.127076364203324,0.212731562782395,-0.231249802454018,0.0595979423921812,0.0494080209618724,0.00801217636807628,0.0875764300785414,0.11654208553301,-0.187160104152134,-0.0219482643734391,-0.0496483379080138,0.0859367243339056,0.0610536766607189,0.109437548081933,0.0499898630316514,0.139837546120643,0.00139967544561175,0.232821894352508,0.0844689832277793,-0.0468124530546142,-0.185028135473766,0.0339032017335582,0.219684059998947,0.0044120378261742,0.31590389437543,-0.0632272894108277,0.12056463878453
"8",0.0303593145076849,0.146208061042348,-0.0946106334580142,-0.0457531257444476,-0.0930462489058976,-0.143324842078882,-0.0535353928002584,1,0.0190917111894168,-0.25229254101649,-0.00028327741778282,0.00349981381659876,0.0406232000962539,-0.0295678596126264,0.0110024312511691,-0.120587600441417,0.00548230954324695,-0.0237999344912273,-0.0416290962307929,0.0168948591973029,-0.0823349634735129,-0.0874888603907192,0.0475428045203988,0.00786188539685602,-0.0791434386581392,-0.175115407915859,0.0800577186097806,0.208239600124457,-0.0252991361747173,-0.0423307983794836,0.165279413002743,0.229759789888615,-0.0236607953332563,-0.0275852934474032,-0.0407576324212136,0.295991854006024,-0.0952374890863557,-0.0759439535913107,-0.00027842668383269,0.0687537742218961,-0.142916172088889,0.00276048185255917,-0.0634998883995972,0.213687475637915,-0.0261890072102194,0.0332385362995569,-0.111633623139263,-0.105003063117499,-0.0848786326905187,0.0968900583511327,-0.0892176494891029,0.00384193324594195,0.124262231290415,0.0115016427052559,-0.0425912358407879,0.0608192174569261,0.0399713420421453,0.00861082554220196
"9",0.15517307824524,0.0764795541960351,0.028348514447175,0.049316841217139,0.0517337703884878,-0.150707693888977,0.166226166943726,0.0190917111894168,1,0.172021719977726,0.0599645317232366,-0.00204809806440013,0.117930912954803,0.0931339045083637,0.0365973526056338,-0.131100230157137,-0.0764457027331819,0.0340937599171116,0.103596196676651,-0.141890005362847,0.0731722288097472,0.184549524904859,-0.24818519631101,-0.0668987031741663,0.0499178717451822,0.0548934798665178,-0.01301842147101,-0.226762667592063,0.0584578924057835,0.244371147168629,-0.0457583219575095,-0.118396762934419,0.214602215038775,-0.0412705204816871,0.0765242362921758,0.0485499138285903,0.0479203012965258,0.0689920212752475,0.0518300871181824,-0.093844339597945,-0.0134940399213565,-0.0486824748777892,0.171883024233543,0.18663159484749,0.0664607927839507,0.0174181943782695,-0.0271175599717933,-0.0880958543437488,0.0386113264258349,0.0124148150925339,0.176744781536116,0.126759613490221,-0.0281923726070809,0.172774476322159,-0.244320761041157,-0.0322102734197861,-0.0671095381204252,0.138948992909871
"10",-0.112482475653445,-0.00662692281272792,0.0910198130038547,0.139888814886581,-0.244583947035217,0.12823791539114,0.110976438510448,-0.25229254101649,0.172021719977726,1,0.124719044203061,0.0645413084328286,0.0437351412243566,0.163048740399368,-0.0129234143443646,-0.0339269568982261,-0.0187581699569069,0.0888883169597125,0.0194688573426115,-0.00082634600643705,-0.0249388361737087,0.158775180977255,-0.138080643993142,-0.0083112781944594,0.0198045501477714,0.0223220409974506,0.0209248228351927,-0.125353339926392,0.0324647194712552,-0.0764610328438782,-0.0994477130486106,-0.205070363559436,-0.0123712504335393,-0.162456431617946,-0.0335006434447877,-0.0980881579599508,-0.122348958465043,0.0474589363784892,-0.159522551247028,-0.131805463035279,0.00423754831227607,0.0199413963508435,0.195632326449207,0.00570883124135124,-0.0793458136198695,0.0994135435091945,0.0830638897014926,0.0518018015455205,0.00632790230175642,0.188031727945424,-0.0103491493694538,0.0710488018817972,-0.0323594962294628,0.0168953272396212,-0.153381846445157,-0.084253616852052,0.00504291678561806,0.257679768749219
"11",0.0490435858281438,0.108088338283413,0.0959561075640726,-0.141095100148114,0.0169619997502912,0.0327358199837698,0.204927409985077,-0.00028327741778282,0.0599645317232366,0.124719044203061,1,-0.0678021144333485,0.137667825245406,-0.0312264781430116,-0.0219803035271048,-0.051356184502467,0.118486673195311,0.00258226675564677,-0.0627773622596829,0.100157669034453,0.0248228339608643,0.171016108656318,-0.0376914498096716,0.00896556609220204,-0.123018552632006,-0.12294166772124,0.00542458039549067,0.0307162929304178,-0.0193230203522578,0.0947442261403705,0.0628681627621728,-0.104953990815755,-0.156943616480312,-0.126353542323734,-0.0415332600833536,-0.100256453690307,-0.0911646551841202,0.0151904912254836,0.0357003022611338,-0.0733993876198142,-0.0363508310607436,0.0100853907449915,0.10039337163637,0.0672561929779357,0.0287365015826583,-0.0238858607829197,-0.00706263790686367,-0.0403041613942073,0.233533481258475,-0.0456576138752162,0.157600799834891,0.020126037322889,-0.0291400357140318,0.041993217085217,0.0774943839225143,0.120637878541409,-0.0112584848265211,-0.03617880237772
"12",-0.171128406321437,-0.105084325967313,0.0797621032836148,0.0690352897440436,-0.033682639988435,-0.0522151371354182,-0.267990911817729,0.00349981381659876,-0.00204809806440013,0.0645413084328286,-0.0678021144333485,1,-0.00828208618120758,0.08446255437038,0.143147697393806,0.0523420821206303,-0.0552694717049331,0.0761410843870538,0.0483599828698197,-0.0776041718396331,-0.00892086439357952,0.0739844908704282,0.088116128208987,-0.0314259103756497,-0.0421794600541623,0.200001198113188,0.153385424959704,-0.128943383288304,0.0928345070222464,-0.110083356505114,0.0510846195019926,-0.0159939147277458,-0.167128348504758,-0.0590516650707763,-0.0713370397159468,-0.0808845158016811,-0.334896162533872,0.0284328659795085,-0.0374530369140579,0.0135579465364202,-0.0614016186043821,0.18962308422027,0.00060542299108259,-0.00612370989305793,-0.152959306158855,-0.199405330891228,0.0225105411941182,0.136992138154361,-0.13614859168332,-0.0293715225299411,-0.00708125230798388,0.155677141902679,-0.154863329544191,0.0170577076692525,-0.258227414356499,-0.178032208991673,-0.0511538294947761,-0.160489793843001
"13",-0.0749573942166775,0.0665374162162297,0.0009036885195156,-0.0702236571577921,-0.0503650695629373,-0.0312498668084336,0.236693865085163,0.0406232000962539,0.117930912954803,0.0437351412243566,0.137667825245406,-0.00828208618120758,1,0.09408158986205,-0.0161162479895853,-0.140721926990639,0.180906090432572,0.0139035588951291,0.0994969533999672,0.221256040852741,0.147420244163333,0.124088832796049,-0.0528648681657759,-0.0582949132684323,0.148291539547301,0.130246246464169,-0.13653269892562,0.0206155828079702,-0.176112562514879,0.0638338147186873,0.0957660454867761,-0.12678122732457,0.150295373303023,-0.163739389113667,0.118582395847196,0.105484013996101,0.0961272866580463,-0.0286617075116513,-0.0339006619745545,-0.165883321207541,0.015484813724481,-0.0953131085978452,0.0426559529335684,-0.0276073932479016,0.00365141837987489,0.0672178782343267,-0.0105751453128195,-0.207232680711303,0.433594750329901,0.112326646387751,0.156964086324138,0.0933408367090843,-0.0405037046495084,0.151102498224845,-0.172429187521107,0.0916467687297107,-0.126227737052265,0.0418102896779868
"14",-0.0093768151760653,0.0754684049266867,-0.145779495737478,0.157215853613801,0.015388014614353,0.00596563332963978,0.10039161010324,-0.0295678596126264,0.0931339045083637,0.163048740399368,-0.0312264781430116,0.08446255437038,0.09408158986205,1,0.0296164484609257,-0.25337106940045,-0.137531030422144,0.324236067440892,0.150379473745574,-0.0747924157674224,-0.142470159439833,0.153296543663283,0.066624625230378,0.0352484011357051,-0.0621245995835473,0.0001043478718118,0.11759206326955,-0.164151534826256,0.0491540407347308,-0.105919098431864,0.0489068336377647,-0.0404128735880302,0.106381640167189,0.0135303448690896,-0.135836424869403,-0.0213511004423529,0.0233057707155636,-0.124506137148699,0.0021414285374927,-0.0532774702811586,0.0235748613584797,0.0889169242905301,-0.03706020851703,-0.017370390793758,-0.0827299854181255,-0.0172548930884184,0.0933842270368682,0.174506162857631,0.0473181286238833,0.542688849611107,-0.0246266693832187,-0.0694962066123608,0.0739517839790801,-0.0222525860520016,-0.0812943032756226,-0.0614620015715746,0.0177909537445873,0.106721306140869
"15",-0.0108790326110889,0.0104380611359783,-0.0583238180811571,0.081662023840068,0.159645141883174,-0.091370289645639,0.110539259664463,0.0110024312511691,0.0365973526056338,-0.0129234143443646,-0.0219803035271048,0.143147697393806,-0.0161162479895853,0.0296164484609257,1,0.0461224055974304,0.0463806471010095,-0.0866835780656417,0.113743011555614,-0.0276371111785364,0.0766361735173503,0.0158366831777617,-0.115816942990265,0.135506994851648,0.086606800563426,-0.0103075357604488,0.0455460810029788,-0.301050119855597,-0.0783219470063648,0.0562405491595994,-0.134213931135519,-0.0498020700935516,0.0842868809244835,-0.0171920362749921,-0.0591280656529073,0.1110341808707,0.0448069265160377,-0.0597021154219865,0.137476932286611,-0.0750118275798066,0.0223987828923004,0.0320739513740647,0.0179053695330887,-0.06834394729597,0.204221595802681,-0.0299147101482673,0.0244662890895801,-0.032907536744238,0.0627589057735237,0.138016139738403,0.0079348421620696,0.0410094709013941,-0.0479074134788466,0.0399321573127589,-0.222800224697172,0.0434055469241378,0.0560831112747288,0.0629363455812277
"16",0.0566025280401614,-0.0676499843686271,0.0240765617832865,-0.0589355564392312,0.0164878779378783,-0.085215566344208,-0.189301415404259,-0.120587600441417,-0.131100230157137,-0.0339269568982261,-0.051356184502467,0.0523420821206303,-0.140721926990639,-0.25337106940045,0.0461224055974304,1,0.189966411122583,0.115174530147179,-0.356580618619822,-0.0734382800107341,0.0054971015221718,-0.156356948130241,-0.0549256337635762,0.0435249251013622,0.0511492600091334,0.19718425568741,0.0427798219543876,-0.132846693882846,-0.199794869046104,-0.0238648360305379,-0.145933006855585,-0.0617101351357113,-0.0419258322858647,0.152195203637841,0.145533601912119,-0.0720259252471218,0.114000709261098,-0.00942024379007444,0.106891323801247,0.0851891826152687,-0.19708574743118,-0.0191491584844549,0.0338210334717857,-0.0033109638986963,-0.0373812692957676,0.0638393633945796,0.031601281232329,-0.0446641383676857,-0.0764147349821368,-0.133098647955525,0.118902138769829,-0.0965726147689154,0.00779239651865168,-0.102696735135841,0.0944025276074236,0.116650870677004,-0.0442160280731722,-0.0646926889247138
"17",0.0600287797764697,0.0491436750688191,-0.0264950707672903,-0.0387259725221882,-0.0402320503281642,0.0285451535168091,0.0607832554716516,0.00548230954324695,-0.0764457027331819,-0.0187581699569069,0.118486673195311,-0.0552694717049331,0.180906090432572,-0.137531030422144,0.0463806471010095,0.189966411122583,1,-0.0656189646334958,-0.212930562214852,0.0555849420568666,0.20838357874609,-0.016737740078992,0.0584587858809953,0.0131954244560294,0.067099171161693,0.163723906014166,-0.0991656613920118,-0.0201681234001158,-0.14843601310521,-0.061337156516022,-0.0627668269287643,-0.165800310215488,0.170036400346969,-0.138740141776859,-0.0189173769403926,-0.0151219238416879,-0.127604656385599,-0.144395923755405,0.0833498078625903,-0.0220630393925765,0.0614033993786949,0.00391855154293775,0.130184300896201,0.141674652665335,0.0315911363332752,-0.0419865647228327,-0.0675841624255289,-0.112424734221675,0.390156098398804,0.0345418118220837,0.0657975806029951,0.123332226470032,-0.0603452343282623,0.00791930916141311,0.0134531302819122,0.0493820381416542,-0.0597296857602921,0.035741457286677
"18",-0.00808288990327806,0.0501941853951308,-0.141129241782273,-0.0111096544950358,0.0132666721010658,-0.115351504565265,0.069661137997624,-0.0237999344912273,0.0340937599171116,0.0888883169597125,0.00258226675564677,0.0761410843870538,0.0139035588951291,0.324236067440892,-0.0866835780656417,0.115174530147179,-0.0656189646334957,1,0.00443453210336247,-0.0447405533501237,-0.217568035304676,0.0852793454000482,0.0200709536551211,0.0411319349441182,-0.187553790391298,0.0679463214601302,0.108886526650686,-0.102392645600765,-0.0805789036199472,0.10126725418184,0.0510140657956479,0.0503780968302541,0.0814022756092881,0.0896428550614028,0.0394492035008702,-0.245861658449009,-0.0133556345635724,0.0168008837487783,0.0607091894483447,0.0864340117611942,-0.116374553172533,-0.175344310763943,-0.00450154984071792,-0.0204299454075789,0.0102785391201396,0.0743872379261472,-0.0456181717147281,0.117105357831714,0.0526176020089711,0.228149309040376,0.0639121739568612,-0.219016232653925,-0.0792392950367504,0.0190044734888306,-0.0230531838526445,-0.0302917395217529,0.0605662204114607,0.164202064207359
"19",-0.00159565158364027,-0.169302022365288,-0.0529695776506136,0.115626948091359,0.0592400699225555,0.0286103634010612,0.0601419163088165,-0.0416290962307929,0.103596196676651,0.0194688573426115,-0.0627773622596829,0.0483599828698197,0.0994969533999672,0.150379473745574,0.113743011555614,-0.356580618619822,-0.212930562214852,0.00443453210336247,1,0.186351087902528,0.0135780466001707,0.0302829770377983,0.0633020198908367,-0.080087789461913,-0.10663773009671,-0.0417403148306483,0.0952568205530371,0.00447231904246515,-0.0936781955788515,-0.0255095680915975,0.224312780989163,0.0645977981921677,0.116664102744402,-0.0527286396428191,-0.0855245924014651,-0.0703831404921285,-0.034233650242792,0.00412978684770397,-0.0294306592442027,-0.0960479145650701,-0.0682238115977988,0.155033330148263,0.0557680638454927,-0.0710202371523504,0.124858852495696,-0.0480258645670836,-0.107742438462771,0.0552581863182551,-0.0818631553540255,-0.0660478943749133,-0.114710111341397,0.140117988026406,0.00884285103683952,-0.040198987618648,-0.120135277461203,-0.0992866376383536,0.12836375562748,0.0795810256360735
"20",-0.0886990657915529,-0.181031596167065,-0.0262323495820591,0.0320483657541428,0.141414074430243,-0.108779058921201,0.138557148253587,0.0168948591973029,-0.141890005362847,-0.00082634600643705,0.100157669034453,-0.0776041718396331,0.221256040852741,-0.0747924157674224,-0.0276371111785364,-0.0734382800107341,0.0555849420568666,-0.0447405533501236,0.186351087902528,1,-0.0915598866911592,-0.0831659632623544,0.0277921758611011,0.00503691973577224,0.042224878118011,0.0271344784454234,-0.131353592393184,0.248117850333964,0.0387845473724241,-0.169039584279991,0.0824974017608988,0.229791763334807,0.0520919283842261,-0.173065730563595,-0.238940197518741,-0.0815730493557928,0.0202014536792631,-0.0100649239071096,0.0103793802852179,-0.0389035691237257,-0.0958716103161177,0.0486943982180924,0.0960520353683089,-0.143172264142076,0.152064666074816,-0.208079913741745,-0.17106607374414,-0.188804165651957,0.170505653328043,-0.00426349805259475,0.0400497352478873,-0.0179608217922735,-0.0595614860710676,-0.0615349135238814,-0.0309489269846925,0.0341450835111901,0.105386850549882,-0.0407950674671479
"21",-0.00765226729833948,0.105768432914602,0.0252277484471103,0.0125139033853695,0.148038488659521,5.30467095669373e-05,-0.119037562674601,-0.0823349634735129,0.0731722288097472,-0.0249388361737087,0.0248228339608643,-0.00892086439357952,0.147420244163333,-0.142470159439833,0.0766361735173503,0.0054971015221718,0.20838357874609,-0.217568035304676,0.0135780466001707,-0.0915598866911592,1,0.101211582774263,-0.0330940197869924,-0.179065825836889,0.0953757453449027,-0.0163003442518318,-0.0777961175140485,-0.138024711728175,-0.0790961161447018,0.12686049984565,-0.0167121216676469,-0.0672816047134671,0.1149017103299,-0.254175452240547,0.0179428737691974,0.060916753620817,0.0470593695789342,-0.0613489029225081,-0.0208040481489605,0.0758462835355176,0.0184525804091913,-0.0381685131899326,0.0791241841349166,-0.0906693070179082,0.0400858936556258,-0.0533120557201916,0.0276881010866505,-0.0159094122140221,0.0266762547009143,-0.152526292022591,-0.0223419631100668,-0.115852091715114,-0.00652771328532189,-0.00919272534752068,-0.10047585163824,0.066055079712072,0.00787419953295394,-0.131829914167275
"22",0.0239669197753932,0.205644723250336,-0.0140450372279162,-0.0139690145522027,-0.107065454973131,0.0366580557846454,0.0392224098397836,-0.0874888603907192,0.184549524904859,0.158775180977255,0.171016108656318,0.0739844908704282,0.124088832796049,0.153296543663283,0.0158366831777617,-0.156356948130241,-0.016737740078992,0.0852793454000482,0.0302829770377983,-0.0831659632623544,0.101211582774263,1,0.111033588973466,-0.0705407352572788,-0.061027475013891,0.248502883019232,0.00397478975795295,-0.0601448618812228,-0.0513949968858132,0.226476688094796,0.0322785324850459,-0.223895262658733,0.0606184192657194,-0.160551820120201,-0.21375326883601,-0.0910524454914351,-0.0630714055954053,0.0223360031338351,0.15943655087252,-0.048802491974757,0.0172117540510016,-0.123068104589847,0.0834140829565442,-0.0527783057861072,0.0294886284441614,0.055337666104272,0.128275643921065,0.0942242359929979,0.10883776605343,0.0847357033077296,0.108546423765756,-0.102592630506499,-0.0627267192834246,0.0499061305608188,-0.142903607524224,-0.132847880111461,-0.066570727570858,0.0397290415968831
"23",-0.0431922496032,-0.182568113787078,0.0653659240335535,-0.117497549950069,0.0726596748929682,0.10971486005896,-0.0649282498033764,0.0475428045203988,-0.24818519631101,-0.138080643993142,-0.0376914498096716,0.088116128208987,-0.0528648681657759,0.066624625230378,-0.115816942990265,-0.0549256337635762,0.0584587858809953,0.0200709536551211,0.0633020198908367,0.0277921758611011,-0.0330940197869924,0.111033588973466,1,-0.026260256485374,-0.153203835896882,0.07536870309297,-0.145498462724701,0.158363812897523,0.0368406540543228,-0.116196637206313,-0.00248639257888377,-0.0033195327537279,-0.0786423642850665,-0.0735996101451712,-0.206910636767967,-0.0335806294016003,0.00720172199355283,0.198684990603365,-0.0167831727215652,0.0614784698554213,-0.101618502422345,0.108758697235819,0.112360793760256,-0.164088370339218,-0.0689917906470244,-0.0130923133007383,0.0409313380270766,0.198803204423147,0.0396587590423395,0.0199185468129806,-0.0319254033559864,-0.0578674900847007,0.0214683512669536,-0.138981447286284,-0.0278211436322416,-0.205866111500758,-0.0589655493556203,-0.180379891806368
"24",0.0910035243334571,-0.0982300974955831,-0.0884546985245903,0.00571380062760886,0.0846191249021839,-0.218709240481143,0.0505299672540458,0.00786188539685602,-0.0668987031741663,-0.0083112781944594,0.00896556609220204,-0.0314259103756497,-0.0582949132684323,0.0352484011357051,0.135506994851648,0.0435249251013622,0.0131954244560294,0.0411319349441182,-0.080087789461913,0.00503691973577224,-0.179065825836889,-0.0705407352572788,-0.026260256485374,1,-0.030351861496549,-0.0562440641887022,-0.0233258704718298,-0.0829863416210984,0.118546701815416,-0.050305316947626,0.016599143154071,0.0572734787317401,-0.128589464311246,0.0546820789282956,-0.228076758086129,-0.0618128449597261,0.101325625524216,-0.0521834935638699,0.0492091899818867,0.0201121718505316,-0.0523772132708526,0.0249476043998262,-0.192713718938802,0.0648509086873302,0.0334594852987536,-0.0640405473739851,0.112063292522063,0.0753774111756209,-0.0934502344582893,0.122654477803308,0.00220233104539759,0.0873684789501266,0.00914605058901222,0.0492995196289166,-0.0400868075420273,0.00027404867506269,0.038002145619242,-0.0554855115341606
"25",-0.0234497578971522,0.0219873028878027,0.203822764173206,-0.0629954686400031,-0.0422364840089819,-0.0330208099961585,-0.0338228605999762,-0.0791434386581391,0.0499178717451822,0.0198045501477714,-0.123018552632006,-0.0421794600541623,0.148291539547301,-0.0621245995835473,0.086606800563426,0.0511492600091334,0.067099171161693,-0.187553790391298,-0.10663773009671,0.042224878118011,0.0953757453449027,-0.061027475013891,-0.153203835896882,-0.030351861496549,1,0.0954634268548978,-0.0296405671694697,0.0237886434004181,-0.0264246112815083,-0.0561543472649241,0.0251499075218292,-0.216310481293383,0.00849986021052876,0.12873652029533,0.0172456098587845,0.0959286086422576,-0.0353288906471712,-0.224349665042005,-0.161264437634956,-0.0379955548864003,0.0471331668849092,-0.192508867625607,0.0971257951684284,0.120434229759676,0.10205805787749,0.0509666983102966,-0.0547909057665585,-0.0406628193452128,0.114931371337723,-0.100402277966845,0.0140014524769734,0.153177798666306,-0.0254028303431028,-0.0135497595461327,-0.126642236123347,0.0964510237476472,0.0241558908393671,-0.00142212222649467
"26",-0.00708435480084744,-0.111384960472631,0.141689755466597,0.078112788180356,-0.0253753150034854,-0.0744513590786835,0.0450470765891557,-0.175115407915859,0.0548934798665178,0.0223220409974506,-0.12294166772124,0.200001198113188,0.130246246464169,0.0001043478718118,-0.0103075357604488,0.19718425568741,0.163723906014166,0.0679463214601302,-0.0417403148306483,0.0271344784454234,-0.0163003442518318,0.248502883019232,0.07536870309297,-0.0562440641887022,0.0954634268548978,1,0.0761874402785198,-0.0710510605925847,-0.0775693089562831,0.0538649275390215,-0.0118330713233705,-0.146685145928228,0.106309778498394,-0.0761608903308602,0.0706503899058201,-0.0756168252561628,-0.0623495168442396,-0.00736081797556717,0.200459187022206,-0.00420638709928183,-0.121543555488918,0.0303726460992048,0.0118889020599338,0.0249124266158243,-0.0173872224444226,-0.127043947951864,-0.0275339075548556,0.0543462046449796,0.0617427653150486,-0.0497012174999139,0.106673249325876,-0.0195955238113263,-0.0373802913529616,-0.0708833534235836,-0.0917812238655306,-0.085647299304026,0.023820800102143,0.0679915931389994
"27",-0.0363198590060472,0.0370352261071494,0.0490697799710596,0.0759888432628585,-0.308605323924714,-0.0356983540369406,-0.0479569413597553,0.0800577186097806,-0.01301842147101,0.0209248228351927,0.00542458039549067,0.153385424959704,-0.13653269892562,0.11759206326955,0.0455460810029788,0.0427798219543876,-0.0991656613920118,0.108886526650686,0.0952568205530371,-0.131353592393184,-0.0777961175140485,0.00397478975795295,-0.145498462724701,-0.0233258704718298,-0.0296405671694697,0.0761874402785198,1,0.14137535090197,-0.0982562488022011,0.0649233453553998,0.0873800681258497,0.210108809828984,-0.224333430573371,0.153367581853338,0.117879141848991,0.0814005268454835,0.0275922244670315,-0.19741561164495,0.0463428530149977,-0.0309374084555145,0.041870213727247,0.183227018255266,0.0176797430356336,0.0293683190353763,0.105928858154539,0.0104986546895752,0.0276674710997349,0.150729665332462,-0.0260771377218893,0.0357265778154094,-0.0601571879716289,-0.0184883843033004,0.0163560832243826,0.00570815921225139,0.0963004911634746,-0.0951750287892443,-0.00323707976276468,0.00632566548814896
"28",-0.210581993233395,0.176177378527968,-0.041265095198272,-0.0510751274893354,-0.0808495250301499,0.0346186684585121,-0.108117033486184,0.208239600124457,-0.226762667592063,-0.125353339926392,0.0307162929304178,-0.128943383288304,0.0206155828079702,-0.164151534826256,-0.301050119855597,-0.132846693882846,-0.0201681234001158,-0.102392645600765,0.00447231904246515,0.248117850333964,-0.138024711728175,-0.0601448618812228,0.158363812897523,-0.0829863416210984,0.0237886434004181,-0.0710510605925847,0.14137535090197,1,0.00459483330133565,-0.115448722039723,0.196042058117965,0.15554233309899,-0.20605831703754,-0.010705560317201,-0.0353211484658702,0.0177055237104321,-0.0844796506404022,-0.0895702734467445,-0.0531113266596713,0.0389644677233938,-0.014438756485605,0.0531212235412134,0.0370997160538338,-0.107539423767099,0.0700809004513978,0.0165216073098582,-0.0295508907272408,0.0862908367780775,0.195005824416707,0.0192713810730249,-0.0315314436698823,0.0313883913990844,0.0281402809137894,-0.0422547528103439,0.197645826835834,-0.0387489819302608,-0.0167067809231334,-0.067190460558228
"29",-0.172786085704652,-0.0297726866959237,0.052953882966287,0.203525266081911,0.238978262373195,0.19770060614708,0.106686754609053,-0.0252991361747173,0.0584578924057835,0.0324647194712552,-0.0193230203522578,0.0928345070222464,-0.176112562514879,0.0491540407347309,-0.0783219470063648,-0.199794869046104,-0.148436013105209,-0.0805789036199472,-0.0936781955788515,0.0387845473724241,-0.0790961161447018,-0.0513949968858132,0.0368406540543228,0.118546701815416,-0.0264246112815083,-0.0775693089562831,-0.0982562488022011,0.00459483330133565,1,-0.0464057774553641,-0.331932762904499,0.232976400180163,-0.030604958572948,-0.10188692437641,-0.122515916726118,-0.157932646094305,-0.235088789522153,0.096142219155699,0.0508688513370075,0.00839161371214834,0.046383895624053,0.148266005042278,0.0299750177899782,0.0882173547635842,0.112770720810326,-0.114245672017542,-0.0128104863826328,0.00065451658203972,0.00602665496546842,0.0722410906647916,0.01088559456296,0.0304575555563123,-0.108459615430772,0.173107299310202,-0.0993843430006312,0.0572485605375335,0.0217959890139702,0.0337982529037937
"30",0.131308833969481,0.0933008345979356,0.0913639433875864,-0.0198859251165254,-0.0800549151027346,-0.0525000118279648,0.156723159155332,-0.0423307983794836,0.244371147168629,-0.0764610328438782,0.0947442261403705,-0.110083356505114,0.0638338147186873,-0.105919098431864,0.0562405491595994,-0.0238648360305379,-0.061337156516022,0.10126725418184,-0.0255095680915975,-0.169039584279991,0.12686049984565,0.226476688094796,-0.116196637206313,-0.050305316947626,-0.0561543472649241,0.0538649275390215,0.0649233453553998,-0.115448722039723,-0.0464057774553641,1,-0.166190099480415,-0.155963639973555,0.235664032157986,-0.172608275767032,0.0515344315537168,0.150100355466059,-0.00851618795689091,0.103920639686845,0.222190475799385,0.00221129178311482,-0.040387558407378,-0.166238080191676,-0.0493224018697172,-0.00715603941820925,0.133245484253349,-0.0283236857844818,0.130724555945937,0.00061911867358364,0.0341427192737276,-0.168579694586924,0.121722063391991,-0.126702834895731,-0.0647038897108014,0.0931066393367706,0.0603579580490511,0.125349020979848,-0.112305521340001,0.0908979214813399
"31",0.123472416851322,0.0505259735768308,-0.0259847344646202,-0.0592962708673787,-0.153401135246803,-0.190107307956357,-0.0793064985356647,0.165279413002743,-0.0457583219575095,-0.0994477130486106,0.0628681627621728,0.0510846195019926,0.0957660454867761,0.0489068336377647,-0.134213931135519,-0.145933006855585,-0.0627668269287643,0.0510140657956479,0.224312780989163,0.0824974017608988,-0.0167121216676469,0.0322785324850459,-0.00248639257888377,0.016599143154071,0.0251499075218292,-0.0118330713233705,0.0873800681258497,0.196042058117965,-0.331932762904499,-0.166190099480415,1,0.0215258510577553,0.00618393592483146,-0.00750633495285607,-0.0528996646467831,0.00368342771571054,-0.0883256529926408,-0.21901303274085,0.0684364229570315,-0.022439769495966,-0.0407124752958146,-0.0375973202428805,-0.123065176918755,-0.0299559902638659,-0.0698562346114323,-0.0166166570857407,-0.052298711541816,-0.0938578024942145,-0.0842110569434247,-0.0287375140218519,-0.160086203520934,-0.0200542227644755,0.0467422490088179,-0.308437683315188,0.107594656969888,-0.121357134626591,0.0354937290728789,-0.114001211230171
"32",0.0403452757112897,-0.238135946887809,-0.0480404712573328,-0.0355227531737394,0.0822400988208133,-0.1017076135892,-0.127076364203324,0.229759789888615,-0.118396762934419,-0.205070363559436,-0.104953990815754,-0.0159939147277458,-0.12678122732457,-0.0404128735880302,-0.0498020700935516,-0.0617101351357113,-0.165800310215488,0.0503780968302541,0.0645977981921677,0.229791763334807,-0.0672816047134671,-0.223895262658733,-0.0033195327537279,0.0572734787317401,-0.216310481293383,-0.146685145928228,0.210108809828984,0.15554233309899,0.232976400180163,-0.155963639973555,0.0215258510577553,1,-0.282724819279449,0.170985271642356,-0.0397584806413062,0.0716139404851643,-0.112156326090288,-0.0456798420027228,-0.00388848773060823,0.167920318896996,-0.0220065447258707,0.0350873302265422,0.0498672912204318,-0.0995547335479818,0.125760600069872,-0.149090195422422,0.0150319084647243,-0.00255081429764714,-0.0361542459117921,-0.0319906059084071,-0.0743697474500932,-0.017664762210135,-0.0605921869452513,0.0100830007251238,0.225611399299716,-0.0308910576377132,0.094241118983907,0.0155369998006779
"33",-0.0664634984634694,0.0810952117370587,-0.0593481017387974,0.241027913131395,0.120416874718208,-0.017626906014446,0.212731562782395,-0.0236607953332563,0.214602215038775,-0.0123712504335393,-0.156943616480312,-0.167128348504758,0.150295373303023,0.106381640167189,0.0842868809244835,-0.0419258322858647,0.170036400346969,0.0814022756092881,0.116664102744402,0.0520919283842261,0.1149017103299,0.0606184192657194,-0.0786423642850665,-0.128589464311246,0.00849986021052876,0.106309778498394,-0.224333430573371,-0.20605831703754,-0.030604958572948,0.235664032157986,0.00618393592483146,-0.282724819279449,1,-0.0334877609228238,0.113185675004753,0.0333184653251508,0.00781225137919071,-0.103862460134747,0.143279149815391,-0.191861400591773,-0.123672201786583,-0.0500401633945004,0.144878306960824,-0.00031443748870951,-0.0440490392563762,-0.108933559579355,-0.0296932906296704,-0.0632037989843254,0.207608583155998,-0.0307748212918316,-0.0188849487570575,-0.00151965426952519,0.0174412551647301,0.0166637001128486,-0.07957338201109,0.0494784779674258,-0.0266882637692844,0.122972101125242
"34",-0.0593793844363206,-0.0849908979113543,0.00383504187715173,0.0591265740662247,-0.034246028749914,0.0211872253944695,-0.231249802454018,-0.0275852934474032,-0.0412705204816871,-0.162456431617946,-0.126353542323734,-0.0590516650707763,-0.163739389113667,0.0135303448690896,-0.0171920362749921,0.152195203637841,-0.138740141776859,0.0896428550614028,-0.0527286396428191,-0.173065730563595,-0.254175452240547,-0.160551820120201,-0.0735996101451712,0.0546820789282956,0.12873652029533,-0.0761608903308602,0.153367581853338,-0.010705560317201,-0.10188692437641,-0.172608275767032,-0.00750633495285607,0.170985271642356,-0.0334877609228238,1,0.209365839235298,-0.0590746500971655,0.178147550240252,-0.0219810765018783,-0.198485918385981,-0.0591956512638332,-0.00044774713974997,0.00931338691897199,-0.0161462813754392,0.00836632791635261,-0.04364482896461,-0.0175263649046566,-0.0290056533651367,-0.0462283519915472,-0.0724940689471047,-0.0596088014597843,-0.0207227470102408,0.0586985856703242,-0.043605516102976,-0.0478035327472056,0.110476558776689,-0.0372718992525636,0.0559713031518694,0.0501728785444774
"35",-0.0253984073717326,0.0425702018699751,0.141225992336585,0.142959298672903,-0.246133825133161,0.120551642013365,0.0595979423921812,-0.0407576324212136,0.0765242362921758,-0.0335006434447877,-0.0415332600833536,-0.0713370397159468,0.118582395847196,-0.135836424869403,-0.0591280656529073,0.145533601912119,-0.0189173769403926,0.0394492035008702,-0.0855245924014651,-0.238940197518741,0.0179428737691974,-0.21375326883601,-0.206910636767967,-0.228076758086129,0.0172456098587845,0.0706503899058201,0.117879141848991,-0.0353211484658702,-0.122515916726118,0.0515344315537168,-0.0528996646467831,-0.0397584806413062,0.113185675004753,0.209365839235298,1,0.118345194651251,0.0869393285215563,-0.00901026788975731,-0.10319655256307,-0.0205956048254717,0.0905556986978353,-0.00358028958181783,-0.00298722028955623,0.0756965969100081,-0.00051621006659867,-0.0109327706651361,0.0470953145347799,-0.0014507694651105,-0.0715182705922366,-0.0323583511523825,0.0588823687643906,0.0240604508005166,-0.00263634258211567,0.0587235522559154,0.0615652133536888,0.254372576956028,-0.0519029658985352,0.15686266794773
